"Dstat 0.6.6 CSV output"
"Author:","Dag Wieers <dag@wieers.com>",,,,"URL:","http://dag.wieers.com/home-made/dstat/"
"Host:","raven14",,,,"User:","wb"
"Cmdline:","dstat -cdnmgs --output /scratch2/wb/eval/hadoop_dstat/grep-250gb-2gb-1-raven14.csv",,,,"Date:","14 Aug 2016 17:16:12 KST"

"total cpu usage",,,,,,"dsk/total",,"net/total",,"memory usage",,,,"paging",,"swap",
"usr","sys","idl","wai","hiq","siq","read","writ","recv","send","used","buff","cach","free","in","out","used","free"
0.803,0.110,98.904,0.167,0.002,0.015,534254.900,850409.187,0.0,0.0,1142759424.0,1826816.0,56373248.0,19830124544.0,0.0,0.065,196608.0,21475966976.0,
0.125,0.125,99.626,0.125,0.0,0.0,4259840.0,0.0,1519.0,663.0,1142226944.0,1839104.0,57712640.0,19829305344.0,0.0,0.0,196608.0,21475966976.0,
0.0,0.0,100.0,0.0,0.0,0.0,0.0,0.0,353.0,938.0,1141907456.0,1839104.0,56619008.0,19830718464.0,0.0,0.0,196608.0,21475966976.0,
0.0,0.0,99.875,0.125,0.0,0.0,4194304.0,253952.0,369.0,403.0,1141895168.0,1851392.0,57565184.0,19829772288.0,0.0,0.0,196608.0,21475966976.0,
0.125,0.125,99.751,0.0,0.0,0.0,0.0,0.0,433.0,403.0,1141592064.0,1851392.0,56573952.0,19831066624.0,0.0,0.0,196608.0,21475966976.0,
0.0,0.0,100.0,0.0,0.0,0.0,0.0,368640.0,1441.0,938.0,1141399552.0,1859584.0,55369728.0,19832455168.0,0.0,0.0,196608.0,21475966976.0,
0.0,0.125,99.875,0.0,0.0,0.0,0.0,0.0,625.0,403.0,1140977664.0,1859584.0,54513664.0,19833733120.0,0.0,0.0,196608.0,21475966976.0,
0.0,0.0,99.124,0.876,0.0,0.0,8478720.0,0.0,497.0,403.0,1141288960.0,1888256.0,57262080.0,19830644736.0,0.0,0.0,196608.0,21475966976.0,
0.125,0.125,99.626,0.125,0.0,0.0,65536.0,49152.0,353.0,938.0,1140502528.0,1896448.0,57589760.0,19831095296.0,0.0,0.0,196608.0,21475966976.0,
0.0,0.0,100.0,0.0,0.0,0.0,0.0,0.0,1329.0,403.0,1140031488.0,1896448.0,56795136.0,19832360960.0,0.0,0.0,196608.0,21475966976.0,
0.125,0.125,99.751,0.0,0.0,0.0,4259840.0,0.0,379.0,583.0,1140043776.0,1908736.0,57614336.0,19831517184.0,0.0,0.0,196608.0,21475966976.0,
0.0,0.0,100.0,0.0,0.0,0.0,0.0,0.0,2081.0,938.0,1139568640.0,1908736.0,56819712.0,19832786944.0,0.0,0.0,196608.0,21475966976.0,
0.125,0.0,99.875,0.0,0.0,0.0,4194304.0,106496.0,305.0,403.0,1139458048.0,1916928.0,57606144.0,19832102912.0,0.0,0.0,196608.0,21475966976.0,
0.0,0.0,100.0,0.0,0.0,0.0,0.0,40960.0,2353.0,403.0,1139109888.0,1925120.0,56803328.0,19833245696.0,0.0,0.0,196608.0,21475966976.0,
2.615,1.121,94.645,1.494,0.0,0.125,417792.0,0.0,993.0,938.0,1142558720.0,2019328.0,55427072.0,19831078912.0,0.0,0.0,196608.0,21475966976.0,
12.110,17.978,59.301,10.237,0.0,0.375,925696.0,0.0,3243059.0,297708.0,1204482048.0,2154496.0,59371520.0,19765075968.0,0.0,0.0,196608.0,21475966976.0,
53.741,11.347,29.551,4.863,0.125,0.374,8658944.0,0.0,2624583.0,336275.0,1402847232.0,2236416.0,67039232.0,19558961152.0,0.0,0.0,196608.0,21475966976.0,
91.975,3.457,3.827,0.494,0.0,0.247,0.0,0.0,5017583.0,316654.0,1612193792.0,2236416.0,68481024.0,19348172800.0,0.0,0.0,196608.0,21475966976.0,
94.881,3.745,0.874,0.250,0.0,0.250,4276224.0,49152.0,1528357.0,68267.0,1819942912.0,2260992.0,73027584.0,19135852544.0,0.0,0.0,196608.0,21475966976.0,
73.533,3.745,20.225,2.122,0.125,0.250,65536.0,2727936.0,4897295.0,210915.0,2022576128.0,2281472.0,75919360.0,18930307072.0,0.0,0.0,196608.0,21475966976.0,
71.125,1.860,26.395,0.531,0.0,0.089,4194304.0,0.0,3765608.0,175761.0,2187108352.0,2281472.0,77029376.0,18764664832.0,0.0,0.0,196608.0,21475966976.0,
97.619,1.732,0.325,0.108,0.0,0.216,0.0,0.0,1695405.0,70197.0,2250743808.0,2306048.0,79716352.0,18698317824.0,0.0,0.0,196608.0,21475966976.0,
82.940,5.409,9.293,2.219,0.0,0.139,114688.0,0.0,4346791.0,198600.0,2402242560.0,2338816.0,81793024.0,18544709632.0,0.0,0.0,196608.0,21475966976.0,
59.826,10.821,20.149,7.836,0.124,1.244,55681024.0,49152.0,50284114.0,395476.0,3906265088.0,2441216.0,109891584.0,17012486144.0,0.0,0.0,196608.0,21475966976.0,
72.862,3.098,14.002,7.435,0.124,2.478,166920192.0,0.0,101680900.0,464865.0,3953373184.0,2535424.0,195592192.0,16879583232.0,0.0,0.0,196608.0,21475966976.0,
81.421,4.115,8.105,3.616,0.249,2.494,181903360.0,2015232.0,122070393.0,394902.0,4035649536.0,2641920.0,287617024.0,16705175552.0,0.0,0.0,196608.0,21475966976.0,
62.594,5.486,18.828,10.224,0.374,2.494,203358208.0,0.0,123293893.0,728386.0,4431335424.0,2740224.0,387850240.0,16209158144.0,0.0,0.0,196608.0,21475966976.0,
49.688,3.870,29.588,13.983,0.125,2.747,212189184.0,0.0,123284270.0,869637.0,4492324864.0,2846720.0,497078272.0,16038834176.0,0.0,0.0,196608.0,21475966976.0,
47.566,4.744,28.714,16.479,0.375,2.122,198885376.0,1409024.0,100987550.0,569719.0,4786049024.0,2949120.0,593420288.0,15648665600.0,0.0,0.0,196608.0,21475966976.0,
35.331,2.996,36.579,22.597,0.125,2.372,207290368.0,0.0,101169951.0,572121.0,4853514240.0,3051520.0,692830208.0,15481688064.0,0.0,0.0,196608.0,21475966976.0,
33.0,3.875,36.0,25.0,0.250,1.875,210444288.0,0.0,100013750.0,645427.0,5127933952.0,3153920.0,794255360.0,15105740800.0,0.0,0.0,196608.0,21475966976.0,
35.705,4.744,39.700,17.603,0.125,2.122,194805760.0,0.0,100629239.0,625459.0,5479206912.0,3244032.0,898428928.0,14650204160.0,0.0,0.0,196608.0,21475966976.0,
40.075,3.246,34.707,19.725,0.125,2.122,210452480.0,106496.0,98888798.0,617891.0,5568147456.0,3354624.0,996118528.0,14463463424.0,0.0,0.0,196608.0,21475966976.0,
32.045,3.117,40.524,21.945,0.249,2.120,198729728.0,278528.0,97239443.0,615607.0,5694550016.0,3469312.0,1099010048.0,14234054656.0,0.0,0.0,196608.0,21475966976.0,
35.0,3.500,38.125,20.750,0.250,2.375,193863680.0,0.0,100041462.0,667249.0,5741400064.0,3567616.0,1193025536.0,14093090816.0,0.0,0.0,196608.0,21475966976.0,
32.544,2.743,40.648,21.322,0.374,2.369,209494016.0,0.0,96808006.0,668013.0,5834919936.0,3661824.0,1299447808.0,13893054464.0,0.0,0.0,196608.0,21475966976.0,
31.704,3.383,42.231,20.426,0.125,2.130,211402752.0,0.0,99103124.0,729567.0,5966401536.0,3776512.0,1400356864.0,13660549120.0,0.0,0.0,196608.0,21475966976.0,
38.155,3.741,35.661,19.950,0.249,2.244,217440256.0,0.0,100916867.0,719882.0,6071013376.0,3891200.0,1505058816.0,13451120640.0,0.0,0.0,196608.0,21475966976.0,
35.081,2.996,37.328,21.848,0.250,2.497,216735744.0,98304.0,97803869.0,696278.0,6065078272.0,4001792.0,1618186240.0,13343817728.0,0.0,0.0,196608.0,21475966976.0,
34.043,3.004,39.299,21.652,0.0,2.003,220307456.0,65536.0,98938246.0,673855.0,6118322176.0,4124672.0,1722875904.0,13185761280.0,0.0,0.0,196608.0,21475966976.0,
37.032,3.117,37.406,20.200,0.249,1.995,202481664.0,0.0,98889250.0,643978.0,6203744256.0,4222976.0,1826828288.0,12996288512.0,0.0,0.0,196608.0,21475966976.0,
32.918,3.117,42.020,19.576,0.249,2.120,216686592.0,0.0,99979793.0,672153.0,6283157504.0,4337664.0,1931980800.0,12811608064.0,0.0,0.0,196608.0,21475966976.0,
32.0,2.875,43.250,19.250,0.250,2.375,206479360.0,0.0,101493476.0,692817.0,6279491584.0,4435968.0,2038616064.0,12708540416.0,0.0,0.0,196608.0,21475966976.0,
34.500,2.875,43.125,17.125,0.250,2.125,229490688.0,65536.0,100207092.0,696362.0,6285754368.0,4554752.0,2147627008.0,12593147904.0,0.0,0.0,196608.0,21475966976.0,
32.459,3.246,39.700,22.472,0.250,1.873,225386496.0,0.0,98026779.0,708695.0,6278144000.0,4665344.0,2262409216.0,12485865472.0,0.0,0.0,196608.0,21475966976.0,
33.250,2.750,34.375,27.500,0.125,2.0,218890240.0,0.0,101851125.0,714167.0,6284926976.0,4767744.0,2360483840.0,12380905472.0,0.0,0.0,196608.0,21475966976.0,
31.920,2.743,37.531,25.187,0.249,2.369,220684288.0,0.0,100350948.0,712672.0,6281621504.0,4878336.0,2473803776.0,12270780416.0,0.0,0.0,196608.0,21475966976.0,
33.458,2.996,38.452,22.347,0.250,2.497,208781312.0,0.0,99791837.0,682580.0,6268743680.0,4984832.0,2584784896.0,12172570624.0,0.0,0.0,196608.0,21475966976.0,
30.750,3.0,42.875,21.125,0.250,2.0,209362944.0,589824.0,98155151.0,673873.0,6294159360.0,5111808.0,2681540608.0,12050272256.0,0.0,0.0,196608.0,21475966976.0,
30.337,2.622,46.192,18.477,0.250,2.122,211599360.0,0.0,98464630.0,678552.0,6294339584.0,5230592.0,2784587776.0,11946926080.0,0.0,0.0,196608.0,21475966976.0,
32.960,3.109,40.299,21.269,0.124,2.239,204341248.0,0.0,98900490.0,684056.0,6292131840.0,5341184.0,2892484608.0,11841126400.0,0.0,0.0,196608.0,21475966976.0,
31.336,2.747,35.081,28.340,0.250,2.247,215539712.0,0.0,97420538.0,643309.0,6294024192.0,5439488.0,2995646464.0,11735973888.0,0.0,0.0,196608.0,21475966976.0,
32.834,2.871,42.197,19.725,0.125,2.247,217833472.0,0.0,99446572.0,732888.0,6283595776.0,5550080.0,3104374784.0,11637563392.0,0.0,0.0,196608.0,21475966976.0,
35.162,3.117,42.269,16.958,0.125,2.369,233791488.0,425984.0,98313789.0,653050.0,6286061568.0,5672960.0,3216871424.0,11522478080.0,0.0,0.0,196608.0,21475966976.0,
31.835,2.871,41.448,21.598,0.125,2.122,222257152.0,0.0,97058939.0,680427.0,6286188544.0,5787648.0,3329757184.0,11409350656.0,0.0,0.0,196608.0,21475966976.0,
32.085,2.871,39.950,22.846,0.125,2.122,226656256.0,0.0,98083545.0,671016.0,6284640256.0,5894144.0,3445428224.0,11295121408.0,0.0,0.0,196608.0,21475966976.0,
33.375,3.125,37.250,23.500,0.250,2.500,230481920.0,0.0,110498938.0,687970.0,6275997696.0,6004736.0,3557982208.0,11191099392.0,0.0,0.0,196608.0,21475966976.0,
32.335,2.871,31.710,31.086,0.125,1.873,209829888.0,0.0,123802278.0,644797.0,6277386240.0,6119424.0,3665727488.0,11081850880.0,0.0,0.0,196608.0,21475966976.0,
33.542,2.879,39.049,22.153,0.125,2.253,236470272.0,98304.0,122524711.0,634088.0,6281744384.0,6246400.0,3779780608.0,10963312640.0,0.0,0.0,196608.0,21475966976.0,
34.620,3.736,36.862,22.291,0.249,2.242,216047616.0,0.0,123294385.0,616864.0,6288089088.0,6352896.0,3886788608.0,10849853440.0,0.0,0.0,196608.0,21475966976.0,
31.960,3.121,43.321,18.976,0.125,2.497,213245952.0,0.0,123298702.0,610777.0,6307536896.0,6459392.0,3987132416.0,10729955328.0,0.0,0.0,196608.0,21475966976.0,
33.125,3.0,35.625,25.875,0.250,2.125,226934784.0,0.0,123297748.0,588072.0,6325727232.0,6569984.0,4100849664.0,10597937152.0,0.0,0.0,196608.0,21475966976.0,
37.703,3.496,37.328,18.727,0.250,2.497,211009536.0,0.0,122712253.0,575830.0,6325055488.0,6676480.0,4209197056.0,10490155008.0,0.0,0.0,196608.0,21475966976.0,
32.541,3.129,51.314,10.388,0.125,2.503,213704704.0,212992.0,123302687.0,584457.0,6346829824.0,6791168.0,4313673728.0,10363789312.0,0.0,0.0,196608.0,21475966976.0,
35.206,3.246,47.441,11.111,0.250,2.747,217104384.0,106496.0,123309692.0,573716.0,6358654976.0,6897664.0,4421095424.0,10244435968.0,0.0,0.0,196608.0,21475966976.0,
42.750,3.0,37.750,14.750,0.125,1.625,220864512.0,0.0,97676719.0,391644.0,6364643328.0,7016448.0,4532391936.0,10127032320.0,0.0,0.0,196608.0,21475966976.0,
23.566,2.868,48.878,23.566,0.125,0.998,211918848.0,0.0,51277151.0,199760.0,5509201920.0,7131136.0,4637986816.0,10876764160.0,0.0,0.0,196608.0,21475966976.0,
22.0,2.0,56.250,18.875,0.125,0.750,219783168.0,0.0,41653455.0,130830.0,5512896512.0,7237632.0,4744601600.0,10766348288.0,0.0,0.0,196608.0,21475966976.0,
23.346,2.247,53.808,19.725,0.0,0.874,208445440.0,98304.0,36845759.0,121071.0,5528854528.0,7344128.0,4849070080.0,10645815296.0,0.0,0.0,196608.0,21475966976.0,
22.597,1.998,54.057,20.350,0.125,0.874,217948160.0,0.0,37726122.0,108951.0,5533937664.0,7446528.0,4955328512.0,10534371328.0,0.0,0.0,196608.0,21475966976.0,
22.278,2.003,60.826,14.018,0.0,0.876,204988416.0,335872.0,45293277.0,105922.0,5555580928.0,7561216.0,5052088320.0,10415853568.0,0.0,0.0,196608.0,21475966976.0,
29.390,2.615,49.813,16.936,0.125,1.121,204128256.0,0.0,50129551.0,127606.0,5566672896.0,7655424.0,5156024320.0,10300731392.0,0.0,0.0,196608.0,21475966976.0,
31.461,2.871,46.567,17.853,0.125,1.124,200409088.0,0.0,54013658.0,230009.0,4906893312.0,7761920.0,5251878912.0,10864549888.0,0.0,0.0,196608.0,21475966976.0,
32.335,2.122,57.303,6.991,0.125,1.124,173441024.0,65536.0,51245618.0,189452.0,4904378368.0,7847936.0,5333106688.0,10785751040.0,0.0,0.0,196608.0,21475966976.0,
20.250,2.250,73.625,2.500,0.0,1.375,160645120.0,0.0,48072240.0,203897.0,4044423168.0,7933952.0,5412663296.0,11566063616.0,0.0,0.0,196608.0,21475966976.0,
33.458,2.996,62.172,0.250,0.0,1.124,158760960.0,0.0,54062787.0,273613.0,4098207744.0,8028160.0,5492047872.0,11432800256.0,0.0,0.0,196608.0,21475966976.0,
59.675,3.995,34.457,0.0,0.250,1.623,161996800.0,868352.0,85838114.0,393661.0,4202323968.0,8130560.0,5571039232.0,11249590272.0,0.0,0.0,196608.0,21475966976.0,
79.800,4.364,14.090,0.0,0.125,1.621,146841600.0,0.0,62902495.0,370802.0,4310032384.0,8200192.0,5643653120.0,11069198336.0,0.0,0.0,196608.0,21475966976.0,
80.726,4.881,12.891,0.0,0.125,1.377,120700928.0,73728.0,59976308.0,264788.0,4456075264.0,8286208.0,5702189056.0,10864533504.0,0.0,0.0,196608.0,21475966976.0,
86.891,4.120,7.491,0.250,0.125,1.124,126738432.0,0.0,54506714.0,231593.0,4569903104.0,8351744.0,5765615616.0,10687213568.0,0.0,0.0,196608.0,21475966976.0,
84.145,4.370,9.738,0.125,0.125,1.498,138747904.0,0.0,69020751.0,181387.0,4683714560.0,8421376.0,5834608640.0,10504339456.0,0.0,0.0,196608.0,21475966976.0,
65.125,3.375,29.625,0.500,0.125,1.250,159809536.0,1843200.0,66321108.0,221636.0,4721745920.0,8519680.0,5913534464.0,10387283968.0,0.0,0.0,196608.0,21475966976.0,
33.250,2.366,62.889,0.374,0.125,0.996,158711808.0,0.0,59200678.0,214401.0,4741005312.0,8605696.0,5992902656.0,10288570368.0,0.0,0.0,196608.0,21475966976.0,
23.935,2.005,72.682,0.125,0.0,1.253,153247744.0,172032.0,62894577.0,200024.0,4751073280.0,8687616.0,6067752960.0,10203570176.0,0.0,0.0,196608.0,21475966976.0,
23.317,1.995,72.195,1.122,0.125,1.247,150085632.0,49152.0,62472825.0,198074.0,4801323008.0,8761344.0,6140940288.0,10080059392.0,0.0,0.0,196608.0,21475966976.0,
19.250,2.125,77.375,0.125,0.125,1.0,153501696.0,0.0,49148462.0,148319.0,4833464320.0,8835072.0,6216462336.0,9972322304.0,0.0,0.0,196608.0,21475966976.0,
22.222,1.998,74.782,0.125,0.0,0.874,157704192.0,0.0,39759449.0,143480.0,4833767424.0,8912896.0,6295863296.0,9892540416.0,0.0,0.0,196608.0,21475966976.0,
24.0,2.375,72.375,0.125,0.125,1.0,163733504.0,188416.0,59075183.0,217874.0,4834123776.0,8998912.0,6375239680.0,9812721664.0,0.0,0.0,196608.0,21475966976.0,
22.569,1.995,72.195,1.870,0.125,1.247,169345024.0,57344.0,58136651.0,201006.0,4827557888.0,9093120.0,6459002880.0,9735430144.0,0.0,0.0,196608.0,21475966976.0,
22.500,2.125,73.750,0.125,0.125,1.375,160849920.0,0.0,58462381.0,193689.0,4826042368.0,9166848.0,6537895936.0,9657978880.0,0.0,0.0,196608.0,21475966976.0,
27.591,1.873,68.789,0.499,0.125,1.124,88530944.0,0.0,56828157.0,191621.0,4830531584.0,9224192.0,6580920320.0,9610407936.0,0.0,0.0,196608.0,21475966976.0,
11.875,1.625,85.500,0.0,0.0,1.0,0.0,8192.0,59467190.0,279911.0,4206788608.0,9224192.0,6580023296.0,10235047936.0,0.0,0.0,196608.0,21475966976.0,
10.237,0.999,87.640,0.0,0.125,0.999,4194304.0,0.0,59412921.0,181583.0,4198596608.0,9224192.0,6581166080.0,10242097152.0,0.0,0.0,196608.0,21475966976.0,
8.250,0.875,90.250,0.0,0.0,0.625,0.0,49152.0,51320893.0,147168.0,4198903808.0,9232384.0,6580367360.0,10242580480.0,0.0,0.0,196608.0,21475966976.0,
6.733,0.499,92.145,0.0,0.125,0.499,0.0,262144.0,36620736.0,117360.0,4198731776.0,9244672.0,6579167232.0,10243940352.0,0.0,0.0,196608.0,21475966976.0,
10.375,0.750,88.375,0.0,0.0,0.500,0.0,0.0,46472020.0,136204.0,4198232064.0,9244672.0,6578270208.0,10245337088.0,0.0,0.0,196608.0,21475966976.0,
10.237,0.874,87.266,0.749,0.0,0.874,8495104.0,0.0,59638338.0,175308.0,4198227968.0,9248768.0,6581161984.0,10242445312.0,0.0,0.0,196608.0,21475966976.0,
11.111,0.999,86.891,0.0,0.125,0.874,0.0,0.0,67925954.0,217908.0,4200054784.0,9248768.0,6579965952.0,10241814528.0,0.0,0.0,196608.0,21475966976.0,
12.0,1.125,86.0,0.0,0.125,0.750,4259840.0,704512.0,63220391.0,168094.0,4192743424.0,9261056.0,6581227520.0,10247852032.0,0.0,0.0,196608.0,21475966976.0,
11.471,0.998,86.534,0.125,0.0,0.873,8192.0,49152.0,63266049.0,166669.0,4193304576.0,9277440.0,6580015104.0,10248486912.0,0.0,0.0,196608.0,21475966976.0,
12.219,0.748,86.035,0.0,0.125,0.873,4194304.0,0.0,60613758.0,180261.0,4192944128.0,9277440.0,6580969472.0,10247892992.0,0.0,0.0,196608.0,21475966976.0,
11.625,1.125,86.625,0.0,0.0,0.625,0.0,0.0,63962817.0,192108.0,4192391168.0,9277440.0,6580072448.0,10249342976.0,0.0,0.0,196608.0,21475966976.0,
11.721,0.873,86.409,0.125,0.125,0.748,0.0,204800.0,64356721.0,178351.0,4186210304.0,9289728.0,6579171328.0,10256412672.0,0.0,0.0,196608.0,21475966976.0,
12.015,0.751,86.483,0.0,0.0,0.751,0.0,90112.0,65965363.0,204547.0,4186845184.0,9297920.0,6577967104.0,10256973824.0,0.0,0.0,196608.0,21475966976.0,
15.356,0.999,80.774,1.873,0.125,0.874,8503296.0,0.0,65313925.0,209317.0,4186341376.0,9306112.0,6581305344.0,10254131200.0,0.0,0.0,196608.0,21475966976.0,
7.865,0.624,91.011,0.0,0.0,0.499,0.0,0.0,53077526.0,126238.0,4186267648.0,9306112.0,6580113408.0,10255396864.0,0.0,0.0,196608.0,21475966976.0,
9.738,0.874,88.639,0.0,0.125,0.624,4259840.0,0.0,50842905.0,143177.0,4180500480.0,9318400.0,6581362688.0,10259902464.0,0.0,0.0,196608.0,21475966976.0,
10.500,1.0,87.750,0.0,0.0,0.750,0.0,0.0,58585813.0,159827.0,4182974464.0,9318400.0,6580166656.0,10258624512.0,0.0,0.0,196608.0,21475966976.0,
10.500,1.0,87.875,0.0,0.0,0.625,4194304.0,409600.0,64211010.0,179030.0,4182994944.0,9334784.0,6581084160.0,10257670144.0,0.0,0.0,196608.0,21475966976.0,
9.114,0.749,89.513,0.0,0.0,0.624,0.0,0.0,60453168.0,176937.0,4183003136.0,9334784.0,6580191232.0,10258554880.0,0.0,0.0,196608.0,21475966976.0,
18.602,1.373,79.401,0.0,0.125,0.499,0.0,8192.0,40779801.0,129550.0,3532570624.0,9338880.0,6579306496.0,10909868032.0,0.0,0.0,196608.0,21475966976.0,
7.0,0.500,92.250,0.0,0.0,0.250,0.0,0.0,31653230.0,120972.0,3533070336.0,9338880.0,6577954816.0,10910720000.0,0.0,0.0,196608.0,21475966976.0,
6.733,0.374,91.272,1.122,0.0,0.499,8511488.0,0.0,34976938.0,91671.0,3533008896.0,9351168.0,6581268480.0,10907455488.0,0.0,0.0,196608.0,21475966976.0,
7.375,0.500,91.750,0.0,0.0,0.375,0.0,483328.0,34802429.0,201290.0,3532972032.0,9371648.0,6580051968.0,10908688384.0,0.0,0.0,196608.0,21475966976.0,
6.500,0.625,92.375,0.0,0.0,0.500,4259840.0,0.0,44526806.0,97682.0,3532660736.0,9383936.0,6581325824.0,10907713536.0,0.0,0.0,196608.0,21475966976.0,
7.491,0.499,91.635,0.0,0.0,0.375,0.0,0.0,31068276.0,76117.0,3536121856.0,9383936.0,6580133888.0,10905444352.0,0.0,0.0,196608.0,21475966976.0,
5.493,0.499,93.633,0.0,0.125,0.250,4194304.0,0.0,42466474.0,77462.0,3533697024.0,9383936.0,6581071872.0,10906931200.0,0.0,0.0,196608.0,21475966976.0,
1.748,0.250,97.878,0.0,0.0,0.125,0.0,0.0,14996518.0,27320.0,3533467648.0,9383936.0,6580174848.0,10908057600.0,0.0,0.0,196608.0,21475966976.0,
6.117,0.250,93.633,0.0,0.0,0.0,0.0,229376.0,67729.0,11329.0,3533340672.0,9400320.0,6579261440.0,10909081600.0,0.0,0.0,196608.0,21475966976.0,
10.375,1.250,88.250,0.0,0.0,0.125,0.0,8192.0,4542749.0,71504.0,2676703232.0,9404416.0,6578065408.0,11766910976.0,0.0,0.0,196608.0,21475966976.0,
3.246,0.250,96.130,0.250,0.0,0.125,8495104.0,0.0,4430223.0,49747.0,2676551680.0,9408512.0,6581219328.0,11763904512.0,0.0,0.0,196608.0,21475966976.0,
1.248,0.250,98.502,0.0,0.0,0.0,0.0,0.0,63231.0,11128.0,2676056064.0,9408512.0,6580322304.0,11765297152.0,0.0,0.0,196608.0,21475966976.0,
2.125,0.125,97.750,0.0,0.0,0.0,4259840.0,0.0,4427811.0,13797.0,2681331712.0,9420800.0,6580977664.0,11759353856.0,0.0,0.0,196608.0,21475966976.0,
0.876,0.125,98.999,0.0,0.0,0.0,0.0,393216.0,4438445.0,16397.0,2681204736.0,9441280.0,6580060160.0,11760377856.0,0.0,0.0,196608.0,21475966976.0,
3.242,0.249,96.384,0.0,0.0,0.125,4194304.0,0.0,4391288.0,22232.0,2684071936.0,9441280.0,6581321728.0,11756249088.0,0.0,0.0,196608.0,21475966976.0,
1.498,0.125,98.252,0.0,0.0,0.125,0.0,0.0,4445185.0,19968.0,2689077248.0,9441280.0,6580133888.0,11752431616.0,0.0,0.0,196608.0,21475966976.0,
0.125,0.125,99.750,0.0,0.0,0.0,0.0,0.0,1574.0,3685.0,2688745472.0,9441280.0,6579236864.0,11753660416.0,0.0,0.0,196608.0,21475966976.0,
2.500,0.250,97.250,0.0,0.0,0.0,0.0,0.0,55027.0,6342.0,2694135808.0,9441280.0,6578040832.0,11749466112.0,0.0,0.0,196608.0,21475966976.0,
0.999,0.125,98.127,0.749,0.0,0.0,8429568.0,163840.0,4437362.0,16747.0,2699292672.0,9461760.0,6581018624.0,11741310976.0,0.0,0.0,196608.0,21475966976.0,
0.998,0.125,98.753,0.0,0.0,0.125,65536.0,0.0,4391090.0,20428.0,2699108352.0,9461760.0,6580121600.0,11742392320.0,0.0,0.0,196608.0,21475966976.0,
0.874,0.250,98.752,0.0,0.125,0.0,4259840.0,0.0,616568.0,9046.0,2703958016.0,9474048.0,6581403648.0,11736248320.0,0.0,0.0,196608.0,21475966976.0,
0.750,0.125,99.125,0.0,0.0,0.0,0.0,0.0,3823067.0,12431.0,2705022976.0,9474048.0,6580207616.0,11736379392.0,0.0,0.0,196608.0,21475966976.0,
0.250,0.125,99.625,0.0,0.0,0.0,4194304.0,0.0,79205.0,4932.0,2708516864.0,9474048.0,6581436416.0,11731656704.0,0.0,0.0,196608.0,21475966976.0,
1.623,0.250,98.002,0.0,0.0,0.125,0.0,548864.0,4501196.0,24768.0,2714071040.0,9490432.0,6580228096.0,11727294464.0,0.0,0.0,196608.0,21475966976.0,
1.125,0.250,98.625,0.0,0.0,0.0,0.0,0.0,4301793.0,21533.0,2713931776.0,9490432.0,6579347456.0,11728314368.0,0.0,0.0,196608.0,21475966976.0,
0.500,0.125,99.375,0.0,0.0,0.0,0.0,0.0,65586.0,10944.0,2719326208.0,9490432.0,6578151424.0,11724115968.0,0.0,0.0,196608.0,21475966976.0,
1.750,0.250,97.125,0.750,0.0,0.125,8437760.0,0.0,1378988.0,10480.0,2724212736.0,9498624.0,6581485568.0,11715887104.0,0.0,0.0,196608.0,21475966976.0,
0.375,0.125,99.500,0.0,0.0,0.0,65536.0,0.0,3014421.0,12203.0,2724597760.0,9498624.0,6580289536.0,11716698112.0,0.0,0.0,196608.0,21475966976.0,
1.122,0.249,98.379,0.125,0.0,0.125,4259840.0,40960.0,56901.0,8934.0,2729951232.0,9515008.0,6581567488.0,11710050304.0,0.0,0.0,196608.0,21475966976.0,
0.874,0.250,98.876,0.0,0.0,0.0,0.0,106496.0,4382371.0,15254.0,2735460352.0,9527296.0,6580359168.0,11705737216.0,0.0,0.0,196608.0,21475966976.0,
0.250,0.125,99.625,0.0,0.0,0.0,4194304.0,0.0,57484.0,6241.0,2735030272.0,9527296.0,6581620736.0,11704905728.0,0.0,0.0,196608.0,21475966976.0,
1.124,0.250,98.502,0.0,0.125,0.0,0.0,0.0,4918184.0,15412.0,2740285440.0,9527296.0,6580428800.0,11700842496.0,0.0,0.0,196608.0,21475966976.0,
1.496,0.249,98.130,0.0,0.0,0.125,0.0,0.0,3908492.0,16026.0,2745098240.0,9527296.0,6579531776.0,11696926720.0,0.0,0.0,196608.0,21475966976.0,
0.250,0.0,99.750,0.0,0.0,0.0,0.0,204800.0,53959.0,22103.0,2745413632.0,9535488.0,6578327552.0,11697807360.0,0.0,0.0,196608.0,21475966976.0,
1.124,0.250,98.002,0.499,0.0,0.125,8429568.0,0.0,4389752.0,14462.0,2750898176.0,9539584.0,6581321728.0,11689324544.0,0.0,0.0,196608.0,21475966976.0,
1.625,0.250,98.125,0.0,0.0,0.0,65536.0,0.0,4436363.0,17152.0,2756100096.0,9539584.0,6580436992.0,11685007360.0,0.0,0.0,196608.0,21475966976.0,
0.375,0.125,99.501,0.0,0.0,0.0,4259840.0,0.0,57463.0,9903.0,2756026368.0,9551872.0,6581686272.0,11683819520.0,0.0,0.0,196608.0,21475966976.0,
1.750,0.250,98.0,0.0,0.0,0.0,0.0,0.0,4531038.0,15492.0,2761535488.0,9551872.0,6580498432.0,11679498240.0,0.0,0.0,196608.0,21475966976.0,
1.750,0.500,97.625,0.0,0.0,0.125,4194304.0,212992.0,4302175.0,168212.0,2766856192.0,9568256.0,6581424128.0,11673235456.0,0.0,0.0,196608.0,21475966976.0,
0.125,0.873,99.002,0.0,0.0,0.0,0.0,0.0,25914.0,28101.0,1963323392.0,9568256.0,6580506624.0,12477685760.0,0.0,0.0,196608.0,21475966976.0,
0.375,0.125,99.126,0.375,0.0,0.0,8437760.0,0.0,1512.0,3671.0,1968496640.0,9576448.0,6583349248.0,12469661696.0,0.0,0.0,196608.0,21475966976.0,
1.375,0.250,98.375,0.0,0.0,0.0,0.0,0.0,8273.0,117058.0,1973325824.0,9576448.0,6582452224.0,12465729536.0,0.0,0.0,196608.0,21475966976.0,
0.499,0.125,98.628,0.748,0.0,0.0,8429568.0,0.0,10772.0,13633.0,1973518336.0,9580544.0,6585470976.0,12462514176.0,0.0,0.0,196608.0,21475966976.0,
1.001,0.125,98.874,0.0,0.0,0.0,65536.0,327680.0,10276.0,12161.0,1978634240.0,9601024.0,6584586240.0,12458262528.0,0.0,0.0,196608.0,21475966976.0,
1.875,0.250,97.875,0.0,0.0,0.0,4259840.0,0.0,1703.0,5052.0,1983352832.0,9613312.0,6585851904.0,12452265984.0,0.0,0.0,196608.0,21475966976.0,
0.374,0.125,99.501,0.0,0.0,0.0,0.0,0.0,8756.0,9277.0,1983389696.0,9613312.0,6584676352.0,12453404672.0,0.0,0.0,196608.0,21475966976.0,
0.750,0.250,99.0,0.0,0.0,0.0,4194304.0,0.0,9257.0,12345.0,1988423680.0,9613312.0,6585909248.0,12447137792.0,0.0,0.0,196608.0,21475966976.0,
1.125,0.250,98.625,0.0,0.0,0.0,0.0,0.0,6344.0,7132.0,1993428992.0,9613312.0,6584721408.0,12443320320.0,0.0,0.0,196608.0,21475966976.0,
0.250,0.0,99.750,0.0,0.0,0.0,0.0,40960.0,4530.0,6875.0,1993420800.0,9621504.0,6583820288.0,12444221440.0,0.0,0.0,196608.0,21475966976.0,
2.497,0.250,97.129,0.0,0.0,0.125,0.0,24576.0,12469.0,14321.0,2003496960.0,9629696.0,6582632448.0,12435324928.0,0.0,0.0,196608.0,21475966976.0,
0.999,0.250,98.002,0.624,0.125,0.0,8429568.0,0.0,8493.0,11688.0,2005422080.0,9633792.0,6585634816.0,12430393344.0,0.0,0.0,196608.0,21475966976.0,
2.247,0.125,97.628,0.0,0.0,0.0,65536.0,0.0,8042.0,10242.0,2008977408.0,9633792.0,6584745984.0,12427726848.0,0.0,0.0,196608.0,21475966976.0,
0.750,0.125,99.125,0.0,0.0,0.0,4259840.0,0.0,6532.0,7587.0,2008875008.0,9646080.0,6586015744.0,12426547200.0,0.0,0.0,196608.0,21475966976.0,
2.871,0.125,96.879,0.125,0.0,0.0,0.0,0.0,9082.0,171476.0,2009174016.0,9646080.0,6584840192.0,12427423744.0,0.0,0.0,196608.0,21475966976.0,
2.372,0.250,97.378,0.0,0.0,0.0,4194304.0,73728.0,4164.0,6457.0,2015887360.0,9654272.0,6586056704.0,12419485696.0,0.0,0.0,196608.0,21475966976.0,
1.750,0.125,98.125,0.0,0.0,0.0,0.0,0.0,3043.0,5507.0,2016837632.0,9654272.0,6584872960.0,12419719168.0,0.0,0.0,196608.0,21475966976.0,
1.748,0.250,98.002,0.0,0.0,0.0,0.0,0.0,4284.0,5722.0,2016468992.0,9654272.0,6583975936.0,12420984832.0,0.0,0.0,196608.0,21475966976.0,
1.875,0.125,98.0,0.0,0.0,0.0,0.0,0.0,1894.0,3497.0,2016522240.0,9654272.0,6582784000.0,12422123520.0,0.0,0.0,196608.0,21475966976.0,
0.250,0.125,97.625,2.0,0.0,0.0,16875520.0,352256.0,7334.0,147135.0,2016747520.0,9678848.0,6590246912.0,12414410752.0,0.0,0.0,196608.0,21475966976.0,
1.124,0.125,98.752,0.0,0.0,0.0,65536.0,0.0,2691.0,6572.0,2016595968.0,9678848.0,6589108224.0,12415700992.0,0.0,0.0,196608.0,21475966976.0,
0.874,0.125,98.876,0.125,0.0,0.0,4259840.0,0.0,5715.0,7867.0,2016124928.0,9691136.0,6590382080.0,12414885888.0,0.0,0.0,196608.0,21475966976.0,
0.250,0.125,99.625,0.0,0.0,0.0,0.0,0.0,1288.0,3497.0,2016161792.0,9691136.0,6589202432.0,12416028672.0,0.0,0.0,196608.0,21475966976.0,
0.499,0.125,99.376,0.0,0.0,0.0,4194304.0,204800.0,2535.0,5052.0,2016501760.0,9699328.0,6590115840.0,12414767104.0,0.0,0.0,196608.0,21475966976.0,
0.250,0.0,99.750,0.0,0.0,0.0,0.0,98304.0,4846.0,7223.0,2016378880.0,9707520.0,6589214720.0,12415782912.0,0.0,0.0,196608.0,21475966976.0,
0.499,0.125,99.376,0.0,0.0,0.0,0.0,0.0,2141.0,4307.0,2015997952.0,9707520.0,6588338176.0,12417040384.0,0.0,0.0,196608.0,21475966976.0,
0.749,0.250,99.001,0.0,0.0,0.0,0.0,0.0,5964.0,10162.0,2016157696.0,9707520.0,6587150336.0,12418068480.0,0.0,0.0,196608.0,21475966976.0,
0.749,0.0,99.126,0.0,0.0,0.125,8429568.0,0.0,7254.0,9105.0,2016030720.0,9711616.0,6590177280.0,12415164416.0,0.0,0.0,196608.0,21475966976.0,
0.874,0.125,99.001,0.0,0.0,0.0,65536.0,0.0,5788.0,8397.0,2016587776.0,9711616.0,6589177856.0,12415606784.0,0.0,0.0,196608.0,21475966976.0,
0.750,0.125,99.125,0.0,0.0,0.0,4259840.0,163840.0,2924.0,5052.0,2016636928.0,9723904.0,6590242816.0,12414480384.0,0.0,0.0,196608.0,21475966976.0,
0.250,0.250,98.752,0.749,0.0,0.0,8437760.0,49152.0,1549.0,3575.0,2016681984.0,9740288.0,6594457600.0,12410204160.0,0.0,0.0,196608.0,21475966976.0,
0.625,0.0,99.375,0.0,0.0,0.0,0.0,0.0,6671.0,101131.0,2016378880.0,9740288.0,6593744896.0,12411219968.0,0.0,0.0,196608.0,21475966976.0,
1.122,0.249,98.504,0.0,0.125,0.0,4194304.0,0.0,8059.0,11424.0,2016292864.0,9740288.0,6594641920.0,12410408960.0,0.0,0.0,196608.0,21475966976.0,
0.875,0.0,99.125,0.0,0.0,0.0,0.0,196608.0,7615.0,10477.0,2016137216.0,9748480.0,6593748992.0,12411449344.0,0.0,0.0,196608.0,21475966976.0,
0.499,0.125,99.251,0.0,0.0,0.125,0.0,49152.0,7132.0,8467.0,2016161792.0,9756672.0,6592565248.0,12412600320.0,0.0,0.0,196608.0,21475966976.0,
0.500,0.125,99.375,0.0,0.0,0.0,0.0,0.0,2769.0,6602.0,2016169984.0,9756672.0,6591672320.0,12413485056.0,0.0,0.0,196608.0,21475966976.0,
0.250,0.125,99.0,0.625,0.0,0.0,8503296.0,0.0,3386.0,5717.0,2016411648.0,9764864.0,6594756608.0,12410150912.0,0.0,0.0,196608.0,21475966976.0,
0.374,0.125,99.501,0.0,0.0,0.0,0.0,0.0,1549.0,3497.0,2016432128.0,9764864.0,6593961984.0,12410925056.0,0.0,0.0,196608.0,21475966976.0,
0.375,0.125,99.500,0.0,0.0,0.0,4259840.0,90112.0,2685.0,4096.0,2016669696.0,9785344.0,6594781184.0,12409847808.0,0.0,0.0,196608.0,21475966976.0,
0.250,0.0,99.750,0.0,0.0,0.0,0.0,57344.0,1405.0,4517.0,2016432128.0,9793536.0,6593990656.0,12410867712.0,0.0,0.0,196608.0,21475966976.0,
0.374,0.125,99.377,0.0,0.0,0.125,4194304.0,0.0,2327.0,3741.0,2016567296.0,9793536.0,6594793472.0,12409929728.0,0.0,0.0,196608.0,21475966976.0,
0.375,0.125,99.500,0.0,0.0,0.0,0.0,0.0,1469.0,4032.0,2016673792.0,9793536.0,6593896448.0,12410720256.0,0.0,0.0,196608.0,21475966976.0,
0.250,0.125,99.625,0.0,0.0,0.0,0.0,0.0,1976.0,5057.0,2016591872.0,9793536.0,6592700416.0,12411998208.0,0.0,0.0,196608.0,21475966976.0,
0.250,0.250,99.501,0.0,0.0,0.0,0.0,0.0,1485.0,3497.0,2016468992.0,9793536.0,6591807488.0,12413014016.0,0.0,0.0,196608.0,21475966976.0,
0.375,0.0,98.748,0.876,0.0,0.0,8495104.0,73728.0,2439.0,4352.0,2016641024.0,9805824.0,6594785280.0,12409851904.0,0.0,0.0,196608.0,21475966976.0,
0.250,0.125,99.625,0.0,0.0,0.0,0.0,24576.0,1853.0,4517.0,2016550912.0,9814016.0,6594088960.0,12410630144.0,0.0,0.0,196608.0,21475966976.0,
0.375,0.125,99.501,0.0,0.0,0.0,4259840.0,0.0,2076.0,4551.0,2016505856.0,9826304.0,6594920448.0,12409831424.0,0.0,0.0,196608.0,21475966976.0,
0.498,0.249,99.004,0.0,0.125,0.125,0.0,0.0,5568.0,7698.0,2016276480.0,9826304.0,6594134016.0,12410847232.0,0.0,0.0,196608.0,21475966976.0,
0.250,0.125,99.625,0.0,0.0,0.0,4194304.0,0.0,4452.0,5251.0,2016432128.0,9826304.0,6594932736.0,12409892864.0,0.0,0.0,196608.0,21475966976.0,
0.375,0.125,99.501,0.0,0.0,0.0,0.0,40960.0,5106.0,52157.0,2016563200.0,9834496.0,6594031616.0,12410654720.0,0.0,0.0,196608.0,21475966976.0,
0.501,0.125,99.374,0.0,0.0,0.0,0.0,0.0,6628.0,6388.0,2016727040.0,9834496.0,6592847872.0,12411674624.0,0.0,0.0,196608.0,21475966976.0,
0.250,0.125,99.625,0.0,0.0,0.0,0.0,24576.0,2322.0,5327.0,2016468992.0,9842688.0,6591946752.0,12412825600.0,0.0,0.0,196608.0,21475966976.0,
0.374,0.125,98.130,1.247,0.0,0.125,8495104.0,0.0,2957.0,3497.0,2016641024.0,9846784.0,6594977792.0,12409618432.0,0.0,0.0,196608.0,21475966976.0,
1.250,0.125,98.625,0.0,0.0,0.0,0.0,0.0,4477.0,4160.0,2016370688.0,9846784.0,6594211840.0,12410654720.0,0.0,0.0,196608.0,21475966976.0,
0.999,0.125,98.752,0.125,0.0,0.0,4259840.0,196608.0,4603.0,96733.0,2016595968.0,9867264.0,6595018752.0,12409602048.0,0.0,0.0,196608.0,21475966976.0,
1.248,0.125,98.627,0.0,0.0,0.0,0.0,0.0,3725.0,3561.0,2016759808.0,9867264.0,6594224128.0,12410232832.0,0.0,0.0,196608.0,21475966976.0,
1.750,0.125,98.125,0.0,0.0,0.0,4194304.0,0.0,1733.0,4428.0,2016735232.0,9867264.0,6595137536.0,12409344000.0,0.0,0.0,196608.0,21475966976.0,
0.499,0.125,99.376,0.0,0.0,0.0,0.0,0.0,4123.0,7505.0,2017357824.0,9867264.0,6594134016.0,12409724928.0,0.0,0.0,196608.0,21475966976.0,
1.0,0.250,98.750,0.0,0.0,0.0,0.0,0.0,1549.0,3497.0,2017419264.0,9867264.0,6592937984.0,12410859520.0,0.0,0.0,196608.0,21475966976.0,
2.120,0.125,97.631,0.0,0.0,0.125,0.0,188416.0,3093.0,7412.0,2016915456.0,9883648.0,6592020480.0,12412264448.0,0.0,0.0,196608.0,21475966976.0,
0.250,0.125,99.0,0.625,0.0,0.0,8495104.0,0.0,1799.0,4697.0,2016874496.0,9887744.0,6595067904.0,12409253888.0,0.0,0.0,196608.0,21475966976.0,
0.499,0.125,99.377,0.0,0.0,0.0,0.0,0.0,7576.0,8151.0,2016641024.0,9887744.0,6594285568.0,12410269696.0,0.0,0.0,196608.0,21475966976.0,
1.625,0.125,98.250,0.0,0.0,0.0,4259840.0,0.0,3166.0,6112.0,2015911936.0,9900032.0,6595121152.0,12410150912.0,0.0,0.0,196608.0,21475966976.0,
0.500,0.0,99.500,0.0,0.0,0.0,0.0,0.0,5152.0,8819.0,2015563776.0,9900032.0,6594326528.0,12411293696.0,0.0,0.0,196608.0,21475966976.0,
0.500,0.125,99.375,0.0,0.0,0.0,4194304.0,335872.0,4290.0,6566.0,2015559680.0,9916416.0,6595117056.0,12410490880.0,0.0,0.0,196608.0,21475966976.0,
0.999,0.250,98.752,0.0,0.0,0.0,0.0,0.0,6750.0,6782.0,2015313920.0,9916416.0,6594330624.0,12411523072.0,0.0,0.0,196608.0,21475966976.0,
1.125,0.125,96.500,2.125,0.0,0.125,401408.0,0.0,11874.0,27386.0,2015350784.0,10051584.0,6593085440.0,12412596224.0,0.0,0.0,196608.0,21475966976.0,
1.0,0.125,98.875,0.0,0.0,0.0,0.0,0.0,4574.0,7088.0,2015608832.0,10051584.0,6592200704.0,12413222912.0,0.0,0.0,196608.0,21475966976.0,
1.121,0.249,97.883,0.623,0.0,0.125,8495104.0,0.0,6324.0,8556.0,2015838208.0,10055680.0,6595280896.0,12409909248.0,0.0,0.0,196608.0,21475966976.0,
0.250,0.0,99.750,0.0,0.0,0.0,0.0,139264.0,4013.0,5540.0,2015604736.0,10072064.0,6594478080.0,12410929152.0,0.0,0.0,196608.0,21475966976.0,
0.250,0.125,99.625,0.0,0.0,0.0,4259840.0,0.0,1357.0,3576.0,2015580160.0,10088448.0,6595305472.0,12410109952.0,0.0,0.0,196608.0,21475966976.0,
0.375,0.250,99.376,0.0,0.0,0.0,0.0,0.0,10589.0,7808.0,2015219712.0,10088448.0,6594523136.0,12411252736.0,0.0,0.0,196608.0,21475966976.0,
0.874,0.125,99.001,0.0,0.0,0.0,4194304.0,0.0,4567.0,8604.0,2015346688.0,10088448.0,6595321856.0,12410327040.0,0.0,0.0,196608.0,21475966976.0,
3.379,0.0,96.621,0.0,0.0,0.0,0.0,0.0,6540.0,7058.0,2015363072.0,10088448.0,6594527232.0,12411105280.0,0.0,0.0,196608.0,21475966976.0,
3.865,0.249,95.761,0.0,0.0,0.125,0.0,65536.0,9840.0,8122.0,2018041856.0,10096640.0,6593228800.0,12409716736.0,0.0,0.0,196608.0,21475966976.0,
0.250,0.125,99.625,0.0,0.0,0.0,0.0,90112.0,2492.0,6280.0,2018054144.0,10108928.0,6592323584.0,12410597376.0,0.0,0.0,196608.0,21475966976.0,
0.375,0.0,99.375,0.250,0.0,0.0,8495104.0,0.0,5688.0,4487.0,2018152448.0,10113024.0,6595432448.0,12407386112.0,0.0,0.0,196608.0,21475966976.0,
0.500,0.125,99.375,0.0,0.0,0.0,0.0,0.0,2249.0,4033.0,2017927168.0,10113024.0,6594637824.0,12408406016.0,0.0,0.0,196608.0,21475966976.0,
0.250,0.125,99.625,0.0,0.0,0.0,4259840.0,0.0,2123.0,5540.0,2017984512.0,10125312.0,6595457024.0,12407517184.0,0.0,0.0,196608.0,21475966976.0,
0.375,0.250,92.260,6.991,0.0,0.125,1253376.0,327680.0,4243.0,92505.0,2018979840.0,10256384.0,6594928640.0,12406919168.0,0.0,0.0,196608.0,21475966976.0,
2.871,0.499,89.014,7.491,0.0,0.125,8249344.0,155648.0,10385.0,9227.0,2018545664.0,10633216.0,6597632000.0,12404273152.0,0.0,0.0,196608.0,21475966976.0,
0.250,0.125,99.625,0.0,0.0,0.0,0.0,0.0,2861.0,5540.0,2018185216.0,10633216.0,6596861952.0,12405403648.0,0.0,0.0,196608.0,21475966976.0,
0.375,0.0,99.625,0.0,0.0,0.0,0.0,0.0,4070.0,3147.0,2018344960.0,10633216.0,6595559424.0,12406546432.0,0.0,0.0,196608.0,21475966976.0,
0.875,0.125,99.0,0.0,0.0,0.0,0.0,0.0,8169.0,11885.0,2018291712.0,10633216.0,6594662400.0,12407496704.0,0.0,0.0,196608.0,21475966976.0,
0.250,0.125,99.625,0.0,0.0,0.0,8495104.0,49152.0,4664.0,62012.0,2018078720.0,10645504.0,6597718016.0,12404641792.0,0.0,0.0,196608.0,21475966976.0,
0.249,0.125,99.501,0.0,0.0,0.125,0.0,319488.0,1245.0,2477.0,2017837056.0,10653696.0,6596923392.0,12405669888.0,0.0,0.0,196608.0,21475966976.0,
0.499,0.125,99.376,0.0,0.0,0.0,4259840.0,0.0,5997.0,6853.0,2017935360.0,10665984.0,6597758976.0,12404723712.0,0.0,0.0,196608.0,21475966976.0,
0.250,0.125,99.625,0.0,0.0,0.0,0.0,0.0,1517.0,5540.0,2017701888.0,10665984.0,6596968448.0,12405747712.0,0.0,0.0,196608.0,21475966976.0,
0.375,0.125,99.499,0.0,0.0,0.0,4194304.0,0.0,1373.0,2477.0,2018615296.0,10665984.0,6597763072.0,12404039680.0,0.0,0.0,196608.0,21475966976.0,
0.748,0.125,99.002,0.125,0.0,0.0,0.0,131072.0,1405.0,4033.0,2018246656.0,10674176.0,6596976640.0,12405186560.0,0.0,0.0,196608.0,21475966976.0,
1.124,0.0,98.752,0.0,0.0,0.125,0.0,0.0,6460.0,8430.0,2019151872.0,10674176.0,6595686400.0,12405571584.0,0.0,0.0,196608.0,21475966976.0,
0.500,0.125,99.375,0.0,0.0,0.0,0.0,0.0,6314.0,8399.0,2020421632.0,10674176.0,6594793472.0,12405194752.0,0.0,0.0,196608.0,21475966976.0,
1.124,0.250,97.878,0.749,0.0,0.0,8437760.0,0.0,6244.0,6183.0,2020511744.0,10682368.0,6597857280.0,12402032640.0,0.0,0.0,196608.0,21475966976.0,
2.125,0.0,97.750,0.0,0.125,0.0,65536.0,196608.0,2166.0,6210.0,2019250176.0,10690560.0,6597062656.0,12404080640.0,0.0,0.0,196608.0,21475966976.0,
2.244,0.249,97.382,0.125,0.0,0.0,4259840.0,712704.0,2461.0,2477.0,2020151296.0,10706944.0,6597914624.0,12402311168.0,0.0,0.0,196608.0,21475966976.0,
2.125,0.0,97.875,0.0,0.0,0.0,0.0,49152.0,3133.0,4033.0,2019926016.0,10711040.0,6597124096.0,12403322880.0,0.0,0.0,196608.0,21475966976.0,
2.122,0.250,97.503,0.0,0.0,0.125,4194304.0,0.0,1581.0,5540.0,2020225024.0,10711040.0,6597922816.0,12402225152.0,0.0,0.0,196608.0,21475966976.0,
0.375,0.125,99.501,0.0,0.0,0.0,0.0,0.0,5749.0,6273.0,2019991552.0,10711040.0,6597132288.0,12403249152.0,0.0,0.0,196608.0,21475966976.0,
0.625,0.0,99.375,0.0,0.0,0.0,0.0,0.0,3166.0,6113.0,2019901440.0,10711040.0,6595833856.0,12404637696.0,0.0,0.0,196608.0,21475966976.0,
0.499,0.249,99.252,0.0,0.0,0.0,0.0,204800.0,4512.0,8960.0,2020655104.0,10719232.0,6594940928.0,12404768768.0,0.0,0.0,196608.0,21475966976.0,
1.877,0.250,96.996,0.876,0.0,0.0,8454144.0,0.0,1319.0,2657.0,2024964096.0,10735616.0,6597984256.0,12397400064.0,0.0,0.0,196608.0,21475966976.0,
0.249,0.125,99.626,0.0,0.0,0.0,65536.0,0.0,2757.0,4429.0,2025553920.0,10735616.0,6597197824.0,12397596672.0,0.0,0.0,196608.0,21475966976.0,
2.003,0.125,97.872,0.0,0.0,0.0,4259840.0,0.0,1517.0,5540.0,2032115712.0,10747904.0,6598045696.0,12390174720.0,0.0,0.0,196608.0,21475966976.0,
0.125,0.125,99.750,0.0,0.0,0.0,0.0,245760.0,2269.0,2477.0,2031886336.0,10756096.0,6597246976.0,12391194624.0,0.0,0.0,196608.0,21475966976.0,
0.250,0.0,99.750,0.0,0.0,0.0,4194304.0,73728.0,1889.0,4034.0,2031902720.0,10764288.0,6598041600.0,12390375424.0,0.0,0.0,196608.0,21475966976.0,
1.746,0.249,98.005,0.0,0.0,0.0,0.0,0.0,1837.0,5540.0,2033192960.0,10764288.0,6597246976.0,12389879808.0,0.0,0.0,196608.0,21475966976.0,
0.125,0.0,99.875,0.0,0.0,0.0,0.0,0.0,1053.0,2477.0,2033344512.0,10764288.0,6595952640.0,12391022592.0,0.0,0.0,196608.0,21475966976.0,
1.746,0.249,98.005,0.0,0.0,0.0,0.0,0.0,3209.0,4034.0,2034618368.0,10764288.0,6595055616.0,12390645760.0,0.0,0.0,196608.0,21475966976.0,
0.250,0.125,98.627,0.874,0.0,0.125,8429568.0,0.0,2059.0,5540.0,2035257344.0,10768384.0,6598201344.0,12386856960.0,0.0,0.0,196608.0,21475966976.0,
0.250,0.125,99.625,0.0,0.0,0.0,65536.0,49152.0,2061.0,17455.0,2035167232.0,10776576.0,6597398528.0,12387741696.0,0.0,0.0,196608.0,21475966976.0,
0.125,0.125,99.750,0.0,0.0,0.0,4259840.0,0.0,1405.0,4112.0,2035589120.0,10788864.0,6598090752.0,12386615296.0,0.0,0.0,196608.0,21475966976.0,
0.250,0.125,99.625,0.0,0.0,0.0,0.0,0.0,2733.0,5540.0,2035359744.0,10788864.0,6597300224.0,12387635200.0,0.0,0.0,196608.0,21475966976.0,
0.375,0.125,99.501,0.0,0.0,0.0,4194304.0,32768.0,1309.0,2477.0,2035167232.0,10797056.0,6598148096.0,12386971648.0,0.0,0.0,196608.0,21475966976.0,
1.500,0.125,98.375,0.0,0.0,0.0,0.0,0.0,3005.0,4034.0,2034814976.0,10797056.0,6597353472.0,12388118528.0,0.0,0.0,196608.0,21475966976.0,
0.624,0.125,99.251,0.0,0.0,0.0,0.0,40960.0,4253.0,65061.0,2035089408.0,10805248.0,6596050944.0,12389138432.0,0.0,0.0,196608.0,21475966976.0,
1.375,0.0,98.625,0.0,0.0,0.0,0.0,0.0,2381.0,3562.0,2035232768.0,10805248.0,6595153920.0,12389892096.0,0.0,0.0,196608.0,21475966976.0,
0.874,0.125,98.377,0.624,0.0,0.0,8429568.0,0.0,2817.0,4034.0,2035167232.0,10809344.0,6598180864.0,12386926592.0,0.0,0.0,196608.0,21475966976.0,
0.375,0.125,99.501,0.0,0.0,0.0,65536.0,0.0,1533.0,4519.0,2034876416.0,10809344.0,6597386240.0,12388012032.0,0.0,0.0,196608.0,21475966976.0,
0.875,0.125,98.875,0.0,0.0,0.125,4259840.0,0.0,2381.0,3498.0,2035089408.0,10821632.0,6598115328.0,12387057664.0,0.0,0.0,196608.0,21475966976.0,
0.250,0.125,99.625,0.0,0.0,0.0,0.0,0.0,2567.0,7594.0,2034868224.0,10821632.0,6597320704.0,12388073472.0,0.0,0.0,196608.0,21475966976.0,
0.250,0.125,99.501,0.125,0.0,0.0,4194304.0,49152.0,1799.0,4699.0,2034757632.0,10829824.0,6598234112.0,12387262464.0,0.0,0.0,196608.0,21475966976.0,
0.125,0.125,99.750,0.0,0.0,0.0,0.0,0.0,1357.0,3498.0,2034409472.0,10829824.0,6597439488.0,12388405248.0,0.0,0.0,196608.0,21475966976.0,
0.249,0.125,99.626,0.0,0.0,0.0,0.0,0.0,2877.0,4098.0,2034540544.0,10829824.0,6596141056.0,12389572608.0,0.0,0.0,196608.0,21475966976.0,
0.250,0.125,99.625,0.0,0.0,0.0,0.0,24576.0,5965.0,5089.0,2034675712.0,10838016.0,6595235840.0,12390334464.0,0.0,0.0,196608.0,21475966976.0,
0.250,0.125,98.752,0.874,0.0,0.0,8437760.0,81920.0,2317.0,3562.0,2034614272.0,10846208.0,6598299648.0,12387323904.0,0.0,0.0,196608.0,21475966976.0,
0.250,0.0,99.750,0.0,0.0,0.0,65536.0,57344.0,1725.0,4034.0,2034421760.0,10854400.0,6597496832.0,12388311040.0,0.0,0.0,196608.0,21475966976.0,
0.375,0.125,99.501,0.0,0.0,0.0,4259840.0,0.0,1533.0,4519.0,2034610176.0,10866688.0,6598234112.0,12387373056.0,0.0,0.0,196608.0,21475966976.0,
0.250,0.125,99.625,0.0,0.0,0.0,0.0,0.0,1293.0,3498.0,2034388992.0,10866688.0,6597439488.0,12388388864.0,0.0,0.0,196608.0,21475966976.0,
0.125,0.125,99.750,0.0,0.0,0.0,4194304.0,0.0,2365.0,4098.0,2034315264.0,10866688.0,6598352896.0,12387549184.0,0.0,0.0,196608.0,21475966976.0,
0.249,0.249,99.377,0.0,0.0,0.125,0.0,204800.0,1442.0,4038.0,2034216960.0,10883072.0,6597541888.0,12388442112.0,0.0,0.0,196608.0,21475966976.0,
0.250,0.0,99.750,0.0,0.0,0.0,0.0,0.0,1421.0,3576.0,2034360320.0,10883072.0,6596251648.0,12389588992.0,0.0,0.0,196608.0,21475966976.0,
0.125,0.125,99.750,0.0,0.0,0.0,0.0,0.0,1277.0,4034.0,2034483200.0,10883072.0,6595366912.0,12390350848.0,0.0,0.0,196608.0,21475966976.0,
0.374,0.125,98.628,0.873,0.0,0.0,8429568.0,0.0,3389.0,4583.0,2034438144.0,10887168.0,6598410240.0,12387348480.0,0.0,0.0,196608.0,21475966976.0,
0.250,0.125,99.625,0.0,0.0,0.0,65536.0,0.0,1613.0,3498.0,2034216960.0,10887168.0,6597615616.0,12388364288.0,0.0,0.0,196608.0,21475966976.0,
0.125,0.0,99.875,0.0,0.0,0.0,4259840.0,212992.0,4797.0,4162.0,2034544640.0,10899456.0,6598344704.0,12387295232.0,0.0,0.0,196608.0,21475966976.0,
0.375,0.125,99.500,0.0,0.0,0.0,0.0,221184.0,1661.0,4519.0,2034331648.0,10915840.0,6597533696.0,12388302848.0,0.0,0.0,196608.0,21475966976.0,
0.250,0.125,99.625,0.0,0.0,0.0,4194304.0,0.0,2829.0,3498.0,2034229248.0,10915840.0,6598463488.0,12387475456.0,0.0,0.0,196608.0,21475966976.0,
0.125,0.125,99.750,0.0,0.0,0.0,0.0,0.0,5673.0,4162.0,2034003968.0,10915840.0,6597668864.0,12388495360.0,0.0,0.0,196608.0,21475966976.0,
0.374,0.125,99.377,0.0,0.0,0.125,0.0,0.0,1947.0,4519.0,2034249728.0,10915840.0,6596407296.0,12389511168.0,0.0,0.0,196608.0,21475966976.0,
0.125,0.125,99.750,0.0,0.0,0.0,0.0,40960.0,3917.0,3562.0,2034384896.0,10924032.0,6595502080.0,12390273024.0,0.0,0.0,196608.0,21475966976.0,
0.250,0.125,99.251,0.375,0.0,0.0,8445952.0,0.0,1415.0,4214.0,2034372608.0,10936320.0,6598529024.0,12387246080.0,0.0,0.0,196608.0,21475966976.0,
0.375,0.125,99.501,0.0,0.0,0.0,65536.0,0.0,1725.0,4519.0,2034143232.0,10936320.0,6597738496.0,12388265984.0,0.0,0.0,196608.0,21475966976.0,
0.250,0.0,99.750,0.0,0.0,0.0,4259840.0,0.0,1357.0,3498.0,2034470912.0,10948608.0,6598529024.0,12387135488.0,0.0,0.0,196608.0,21475966976.0,
0.125,0.125,99.750,0.0,0.0,0.0,0.0,49152.0,1981.0,4034.0,2034372608.0,10956800.0,6597730304.0,12388024320.0,0.0,0.0,196608.0,21475966976.0,
0.375,0.125,99.500,0.0,0.0,0.0,4194304.0,49152.0,2705.0,4519.0,2034434048.0,10964992.0,6598578176.0,12387106816.0,0.0,0.0,196608.0,21475966976.0,
0.375,0.125,99.501,0.0,0.0,0.0,0.0,0.0,3277.0,3498.0,2034323456.0,10964992.0,6598578176.0,12387217408.0,0.0,0.0,196608.0,21475966976.0,
0.125,0.0,99.875,0.0,0.0,0.0,0.0,0.0,1541.0,4430.0,2034311168.0,10964992.0,6597574656.0,12388233216.0,0.0,0.0,196608.0,21475966976.0,
0.250,0.250,99.501,0.0,0.0,0.0,0.0,0.0,1405.0,4519.0,2033963008.0,10964992.0,6596780032.0,12389376000.0,0.0,0.0,196608.0,21475966976.0,
0.250,0.0,99.750,0.0,0.0,0.0,0.0,0.0,1613.0,3498.0,2034237440.0,10964992.0,6595493888.0,12390387712.0,0.0,0.0,196608.0,21475966976.0,
0.125,0.125,99.001,0.749,0.0,0.0,8495104.0,155648.0,4019.0,21156.0,2034298880.0,10985472.0,6598946816.0,12386852864.0,0.0,0.0,196608.0,21475966976.0,
1.496,0.249,98.130,0.0,0.0,0.125,0.0,0.0,1661.0,4597.0,2037460992.0,10985472.0,6597685248.0,12384952320.0,0.0,0.0,196608.0,21475966976.0,
0.125,0.125,99.625,0.0,0.125,0.0,4259840.0,0.0,1165.0,3498.0,2037596160.0,10997760.0,6598864896.0,12383625216.0,0.0,0.0,196608.0,21475966976.0,
0.125,0.0,99.875,0.0,0.0,0.0,0.0,0.0,1341.0,4034.0,2037469184.0,10997760.0,6597705728.0,12384911360.0,0.0,0.0,196608.0,21475966976.0,
1.248,0.375,98.377,0.0,0.0,0.0,4194304.0,0.0,3581.0,4519.0,2041114624.0,10997760.0,6599004160.0,12379967488.0,0.0,0.0,196608.0,21475966976.0,
0.250,0.0,99.625,0.125,0.0,0.0,0.0,40960.0,1485.0,3498.0,2041266176.0,11005952.0,6597697536.0,12381114368.0,0.0,0.0,196608.0,21475966976.0,
0.125,0.0,99.875,0.0,0.0,0.0,0.0,24576.0,4989.0,4034.0,2041053184.0,11014144.0,6596894720.0,12382121984.0,0.0,0.0,196608.0,21475966976.0,
0.375,0.125,99.499,0.0,0.0,0.0,0.0,0.0,1597.0,4519.0,2041151488.0,11014144.0,6595649536.0,12383268864.0,0.0,0.0,196608.0,21475966976.0,
0.250,0.125,99.0,0.625,0.0,0.0,8503296.0,0.0,2637.0,3498.0,2041139200.0,11022336.0,6599114752.0,12379807744.0,0.0,0.0,196608.0,21475966976.0,
0.125,0.125,99.751,0.0,0.0,0.0,0.0,0.0,5629.0,4034.0,2041397248.0,11022336.0,6597840896.0,12380823552.0,0.0,0.0,196608.0,21475966976.0,
0.499,0.125,99.251,0.0,0.0,0.125,4259840.0,163840.0,1469.0,4519.0,2041274368.0,11042816.0,6599016448.0,12379750400.0,0.0,0.0,196608.0,21475966976.0,
0.125,0.125,99.750,0.0,0.0,0.0,0.0,0.0,4055.0,3678.0,2041008128.0,11042816.0,6597869568.0,12381163520.0,0.0,0.0,196608.0,21475966976.0,
0.125,0.125,99.750,0.0,0.0,0.0,4194304.0,0.0,1405.0,3956.0,2040651776.0,11042816.0,6599168000.0,12380221440.0,0.0,0.0,196608.0,21475966976.0,
0.375,0.125,99.501,0.0,0.0,0.0,0.0,188416.0,1405.0,4519.0,2040930304.0,11051008.0,6597861376.0,12381241344.0,0.0,0.0,196608.0,21475966976.0,
0.250,0.0,99.750,0.0,0.0,0.0,0.0,0.0,1421.0,3498.0,2040709120.0,11051008.0,6597066752.0,12382257152.0,0.0,0.0,196608.0,21475966976.0,
0.125,0.0,99.875,0.0,0.0,0.0,0.0,81920.0,1341.0,4034.0,2040799232.0,11059200.0,6595805184.0,12383420416.0,0.0,0.0,196608.0,21475966976.0,
0.250,0.250,99.249,0.250,0.0,0.0,8495104.0,0.0,3965.0,4519.0,2040610816.0,11063296.0,6599278592.0,12380131328.0,0.0,0.0,196608.0,21475966976.0,
0.125,0.125,99.750,0.0,0.0,0.0,0.0,0.0,3085.0,3498.0,2040778752.0,11063296.0,6597967872.0,12381274112.0,0.0,0.0,196608.0,21475966976.0,
0.125,0.125,99.626,0.125,0.0,0.0,4259840.0,0.0,1277.0,4034.0,2040717312.0,11075584.0,6599151616.0,12380139520.0,0.0,0.0,196608.0,21475966976.0,
0.499,0.125,99.251,0.0,0.0,0.125,0.0,0.0,2727.0,4519.0,2040614912.0,11075584.0,6597992448.0,12381401088.0,0.0,0.0,196608.0,21475966976.0,
0.250,0.125,99.625,0.0,0.0,0.0,4194304.0,294912.0,1549.0,3498.0,2040385536.0,11083776.0,6599282688.0,12380332032.0,0.0,0.0,196608.0,21475966976.0,
0.250,0.125,99.625,0.0,0.0,0.0,0.0,0.0,3261.0,4034.0,2040528896.0,11083776.0,6597992448.0,12381478912.0,0.0,0.0,196608.0,21475966976.0,
0.375,0.125,99.500,0.0,0.0,0.0,0.0,0.0,1597.0,4597.0,2040307712.0,11083776.0,6597197824.0,12382494720.0,0.0,0.0,196608.0,21475966976.0,
0.125,0.125,99.750,0.0,0.0,0.0,0.0,0.0,1485.0,3498.0,2040299520.0,11083776.0,6595919872.0,12383780864.0,0.0,0.0,196608.0,21475966976.0,
0.125,0.125,99.0,0.750,0.0,0.0,8495104.0,0.0,1405.0,4034.0,2040147968.0,11087872.0,6599389184.0,12380459008.0,0.0,0.0,196608.0,21475966976.0,
0.375,0.125,99.500,0.0,0.0,0.0,0.0,221184.0,3453.0,4519.0,2040512512.0,11104256.0,6598103040.0,12381364224.0,0.0,0.0,196608.0,21475966976.0,
47.0,2.625,50.0,0.250,0.0,0.125,4284416.0,0.0,133416.0,36801.0,1812971520.0,11145216.0,6599102464.0,12607864832.0,0.0,0.0,196608.0,21475966976.0,
14.232,1.623,83.895,0.125,0.0,0.125,16384.0,0.0,87840.0,108445.0,1160486912.0,11157504.0,6597857280.0,13261582336.0,0.0,0.0,196608.0,21475966976.0,
0.125,0.0,99.875,0.0,0.0,0.0,4194304.0,0.0,3907.0,5534.0,1160757248.0,11157504.0,6598959104.0,13260210176.0,0.0,0.0,196608.0,21475966976.0,
0.624,0.250,99.126,0.0,0.0,0.0,0.0,0.0,1369.0,403.0,1160781824.0,11157504.0,6597664768.0,13261479936.0,0.0,0.0,196608.0,21475966976.0,
0.125,0.0,99.750,0.125,0.0,0.0,0.0,172032.0,2505.0,938.0,1160433664.0,11165696.0,6596861952.0,13262622720.0,0.0,0.0,196608.0,21475966976.0,
0.0,0.125,99.501,0.375,0.0,0.0,8192.0,475136.0,635.0,505.0,1160052736.0,11182080.0,6595567616.0,13264281600.0,0.0,0.0,196608.0,21475966976.0,
0.249,0.0,99.377,0.249,0.0,0.125,8495104.0,0.0,10113.0,7485.0,1160286208.0,11186176.0,6598746112.0,13260865536.0,0.0,0.0,196608.0,21475966976.0,
0.0,0.125,99.875,0.0,0.0,0.0,0.0,0.0,2122.0,3041.0,1159704576.0,11186176.0,6597754880.0,13262438400.0,0.0,0.0,196608.0,21475966976.0,
0.125,0.0,99.751,0.0,0.125,0.0,4259840.0,0.0,177.0,403.0,1159585792.0,11198464.0,6598934528.0,13261365248.0,0.0,0.0,196608.0,21475966976.0,
0.0,0.0,100.0,0.0,0.0,0.0,0.0,0.0,1069.0,22635.0,1159036928.0,11198464.0,6597783552.0,13263065088.0,0.0,0.0,196608.0,21475966976.0,
0.125,0.0,99.750,0.125,0.0,0.0,4194304.0,188416.0,1185.0,938.0,1158688768.0,11214848.0,6599065600.0,13262114816.0,0.0,0.0,196608.0,21475966976.0,
0.0,0.125,99.875,0.0,0.0,0.0,0.0,0.0,1265.0,403.0,1158434816.0,11214848.0,6597787648.0,13263646720.0,0.0,0.0,196608.0,21475966976.0,
0.125,0.0,99.875,0.0,0.0,0.0,0.0,0.0,1457.0,403.0,1158209536.0,11214848.0,6596997120.0,13264662528.0,0.0,0.0,196608.0,21475966976.0,
0.125,0.125,99.751,0.0,0.0,0.0,0.0,0.0,353.0,938.0,1157718016.0,11223040.0,6594789376.0,13267353600.0,0.0,0.0,196608.0,21475966976.0,
0.0,0.0,99.374,0.626,0.0,0.0,8519680.0,90112.0,689.0,403.0,1157816320.0,11243520.0,6597955584.0,13264068608.0,0.0,0.0,196608.0,21475966976.0,
0.125,0.0,99.875,0.0,0.0,0.0,1212416.0,0.0,369.0,403.0,1157443584.0,11255808.0,6598983680.0,13263400960.0,0.0,0.0,196608.0,21475966976.0,
0.125,0.125,99.751,0.0,0.0,0.0,3047424.0,0.0,4820.0,4170.0,1157840896.0,11255808.0,6597443584.0,13264543744.0,0.0,0.0,196608.0,21475966976.0,
0.0,0.0,100.0,0.0,0.0,0.0,2236416.0,0.0,369.0,403.0,1156792320.0,11255808.0,6598778880.0,13264257024.0,0.0,0.0,196608.0,21475966976.0,
0.0,0.0,100.0,0.0,0.0,0.0,1957888.0,0.0,561.0,403.0,1156747264.0,11255808.0,6597554176.0,13265526784.0,0.0,0.0,196608.0,21475966976.0,
13.450,9.714,76.463,0.125,0.0,0.249,0.0,262144.0,353.0,938.0,1226600448.0,11370496.0,6597451776.0,13195661312.0,0.0,0.0,196608.0,21475966976.0,
36.862,31.009,31.756,0.0,0.0,0.374,0.0,0.0,544595.0,203666.0,1369415680.0,11370496.0,6596374528.0,13053923328.0,0.0,0.0,196608.0,21475966976.0,
94.994,4.116,0.779,0.0,0.0,0.111,8429568.0,0.0,316073.0,316359.0,1648005120.0,11374592.0,6599323648.0,12772380672.0,0.0,0.0,196608.0,21475966976.0,
96.584,3.062,0.353,0.0,0.0,0.0,65536.0,0.0,9162.0,8164.0,1842376704.0,11374592.0,6598529024.0,12578803712.0,0.0,0.0,196608.0,21475966976.0,
94.0,5.250,0.750,0.0,0.0,0.0,4259840.0,3219456.0,10765.0,10001.0,2135650304.0,11399168.0,6599360512.0,12284674048.0,0.0,0.0,196608.0,21475966976.0,
96.966,2.427,0.485,0.0,0.0,0.121,0.0,49152.0,23721.0,24144.0,2280116224.0,11411456.0,6598561792.0,12140994560.0,0.0,0.0,196608.0,21475966976.0,
96.840,2.650,0.510,0.0,0.0,0.0,4194304.0,0.0,11271.0,11468.0,2381791232.0,11436032.0,6599450624.0,12038406144.0,0.0,0.0,196608.0,21475966976.0,
94.888,3.990,0.998,0.0,0.125,0.0,0.0,0.0,9459.0,10312.0,2566639616.0,11444224.0,6599041024.0,11853959168.0,0.0,0.0,196608.0,21475966976.0,
51.061,7.241,41.448,0.125,0.0,0.125,0.0,0.0,94538.0,27598.0,1677193216.0,11481088.0,6598791168.0,12743618560.0,0.0,0.0,196608.0,21475966976.0,
2.0,0.875,97.125,0.0,0.0,0.0,0.0,491520.0,110961.0,115834.0,1164554240.0,11493376.0,6597255168.0,13257781248.0,0.0,0.0,196608.0,21475966976.0,
0.0,0.0,100.0,0.0,0.0,0.0,0.0,57344.0,4978.0,15247.0,1164378112.0,11501568.0,6595964928.0,13259239424.0,0.0,0.0,196608.0,21475966976.0,
0.250,0.0,99.251,0.499,0.0,0.0,8495104.0,0.0,1155.0,859.0,1164099584.0,11505664.0,6599245824.0,13256232960.0,0.0,0.0,196608.0,21475966976.0,
0.0,0.125,99.875,0.0,0.0,0.0,0.0,0.0,2751.0,2204.0,1164038144.0,11505664.0,6598139904.0,13257400320.0,0.0,0.0,196608.0,21475966976.0,
0.250,0.125,99.625,0.0,0.0,0.0,4259840.0,0.0,1028.0,467.0,1164009472.0,11517952.0,6599319552.0,13256237056.0,0.0,0.0,196608.0,21475966976.0,
