"Dstat 0.6.6 CSV output"
"Author:","Dag Wieers <dag@wieers.com>",,,,"URL:","http://dag.wieers.com/home-made/dstat/"
"Host:","raven05",,,,"User:","wb"
"Cmdline:","dstat -cdnmgs --output /scratch2/wb/eval/hadoop_dstat/sort-250gb-2gb-1-raven05.csv",,,,"Date:","14 Aug 2016 17:22:19 KST"

"total cpu usage",,,,,,"dsk/total",,"net/total",,"memory usage",,,,"paging",,"swap",
"usr","sys","idl","wai","hiq","siq","read","writ","recv","send","used","buff","cach","free","in","out","used","free"
1.313,0.233,98.202,0.227,0.003,0.023,1100681.532,1005479.494,0.0,0.0,1119326208.0,1699840.0,54448128.0,19855609856.0,0.0,0.065,196608.0,21475966976.0,
0.125,0.0,99.875,0.0,0.0,0.0,0.0,0.0,15509.0,8505.0,1118932992.0,1699840.0,53833728.0,19856617472.0,0.0,0.0,196608.0,21475966976.0,
0.125,0.125,99.377,0.374,0.0,0.0,8192.0,0.0,3953.0,403.0,1118715904.0,1703936.0,52912128.0,19857752064.0,0.0,0.0,196608.0,21475966976.0,
0.0,0.0,100.0,0.0,0.0,0.0,0.0,0.0,2537.0,2483.0,1118625792.0,1703936.0,51724288.0,19859030016.0,0.0,0.0,196608.0,21475966976.0,
0.125,0.125,99.251,0.499,0.0,0.0,8437760.0,0.0,6331.0,4405.0,1118388224.0,1712128.0,54792192.0,19856191488.0,0.0,0.0,196608.0,21475966976.0,
0.0,0.0,100.0,0.0,0.0,0.0,65536.0,548864.0,2792.0,2464.0,1118199808.0,1728512.0,53985280.0,19857170432.0,0.0,0.0,196608.0,21475966976.0,
0.125,0.0,99.875,0.0,0.0,0.0,4259840.0,0.0,3346.0,1340.0,1118031872.0,1740800.0,54951936.0,19856359424.0,0.0,0.0,196608.0,21475966976.0,
0.0,0.125,99.875,0.0,0.0,0.0,0.0,0.0,497.0,403.0,1118081024.0,1740800.0,53760000.0,19857502208.0,0.0,0.0,196608.0,21475966976.0,
0.0,0.0,100.0,0.0,0.0,0.0,4194304.0,0.0,317.0,473.0,1117716480.0,1740800.0,54984704.0,19856642048.0,0.0,0.0,196608.0,21475966976.0,
0.125,0.125,99.751,0.0,0.0,0.0,0.0,0.0,801.0,937.0,1117667328.0,1740800.0,53903360.0,19857772544.0,0.0,0.0,196608.0,21475966976.0,
0.0,0.0,100.0,0.0,0.0,0.0,0.0,40960.0,177.0,403.0,1117429760.0,1748992.0,52989952.0,19858915328.0,0.0,0.0,196608.0,21475966976.0,
0.0,0.0,99.875,0.0,0.0,0.125,0.0,0.0,1777.0,403.0,1117360128.0,1748992.0,51798016.0,19860176896.0,0.0,0.0,196608.0,21475966976.0,
0.125,0.125,98.752,0.999,0.0,0.0,8429568.0,24576.0,1739.0,937.0,1117437952.0,1761280.0,54861824.0,19857022976.0,0.0,0.0,196608.0,21475966976.0,
0.0,0.0,100.0,0.0,0.0,0.0,65536.0,0.0,2545.0,403.0,1117212672.0,1761280.0,54071296.0,19858038784.0,0.0,0.0,196608.0,21475966976.0,
0.125,0.125,99.751,0.0,0.0,0.0,4259840.0,0.0,305.0,481.0,1117552640.0,1773568.0,55058432.0,19856699392.0,0.0,0.0,196608.0,21475966976.0,
0.0,0.0,99.875,0.125,0.0,0.0,0.0,57344.0,1753.0,2984.0,1117646848.0,1781760.0,53751808.0,19857903616.0,0.0,0.0,196608.0,21475966976.0,
0.125,0.0,99.875,0.0,0.0,0.0,4194304.0,0.0,369.0,403.0,1117650944.0,1781760.0,54697984.0,19856953344.0,0.0,0.0,196608.0,21475966976.0,
0.0,0.125,99.875,0.0,0.0,0.0,0.0,0.0,2289.0,467.0,1117413376.0,1781760.0,53903360.0,19857985536.0,0.0,0.0,196608.0,21475966976.0,
0.0,0.0,100.0,0.0,0.0,0.0,0.0,0.0,1099.0,1109.0,1117167616.0,1781760.0,53108736.0,19859025920.0,0.0,0.0,196608.0,21475966976.0,
0.125,0.0,99.875,0.0,0.0,0.0,0.0,32768.0,369.0,403.0,1117368320.0,1789952.0,51810304.0,19860115456.0,0.0,0.0,196608.0,21475966976.0,
0.0,0.125,99.875,0.0,0.0,0.0,8429568.0,40960.0,1393.0,403.0,1117421568.0,1802240.0,54980608.0,19856879616.0,0.0,0.0,196608.0,21475966976.0,
0.624,0.375,99.001,0.0,0.0,0.0,65536.0,0.0,1569.0,1001.0,1117507584.0,1802240.0,53948416.0,19857825792.0,0.0,0.0,196608.0,21475966976.0,
0.0,0.0,100.0,0.0,0.0,0.0,4259840.0,0.0,689.0,403.0,1117376512.0,1814528.0,55140352.0,19856752640.0,0.0,0.0,196608.0,21475966976.0,
0.0,0.0,100.0,0.0,0.0,0.0,0.0,0.0,3825.0,531.0,1117425664.0,1814528.0,53948416.0,19857895424.0,0.0,0.0,196608.0,21475966976.0,
0.125,0.249,97.506,1.995,0.0,0.125,21225472.0,0.0,15060.0,2697714.0,1117818880.0,1843200.0,63098880.0,19848323072.0,0.0,0.0,196608.0,21475966976.0,
0.249,0.249,98.010,0.871,0.124,0.498,93708288.0,65536.0,568025.0,41914468.0,1117507584.0,1912832.0,109408256.0,19802255360.0,0.0,0.0,196608.0,21475966976.0,
0.250,0.625,98.500,0.0,0.0,0.625,118611968.0,0.0,1135389.0,61736263.0,1119346688.0,1974272.0,167243776.0,19742519296.0,0.0,0.0,196608.0,21475966976.0,
0.250,0.501,98.123,0.626,0.0,0.501,148094976.0,720896.0,477125.0,78268429.0,1119121408.0,2048000.0,242262016.0,19667652608.0,0.0,0.0,196608.0,21475966976.0,
0.0,0.125,99.501,0.125,0.0,0.249,20889600.0,0.0,33877.0,9989315.0,1118941184.0,2056192.0,249806848.0,19660279808.0,0.0,0.0,196608.0,21475966976.0,
0.125,0.0,99.500,0.375,0.0,0.0,8495104.0,106496.0,573.0,543.0,1118916608.0,2068480.0,252973056.0,19657125888.0,0.0,0.0,196608.0,21475966976.0,
0.0,0.125,99.501,0.125,0.125,0.125,19152896.0,90112.0,115851.0,9407360.0,1119215616.0,2088960.0,263282688.0,19646496768.0,0.0,0.0,196608.0,21475966976.0,
0.375,0.375,98.500,0.250,0.0,0.500,120504320.0,0.0,516957.0,60983194.0,1119084544.0,2154496.0,320430080.0,19589414912.0,0.0,0.0,196608.0,21475966976.0,
0.125,0.125,99.750,0.0,0.0,0.0,8658944.0,262144.0,20295.0,4879637.0,1118760960.0,2158592.0,328130560.0,19582033920.0,0.0,0.0,196608.0,21475966976.0,
0.250,0.625,98.375,0.250,0.0,0.500,143785984.0,0.0,238037.0,72758765.0,1119236096.0,2224128.0,394473472.0,19515150336.0,0.0,0.0,196608.0,21475966976.0,
0.0,0.0,100.0,0.0,0.0,0.0,0.0,0.0,6663.0,1732486.0,1118801920.0,2224128.0,393891840.0,19516166144.0,0.0,0.0,196608.0,21475966976.0,
0.125,0.125,99.501,0.125,0.125,0.0,29655040.0,57344.0,190033.0,13269203.0,1119064064.0,2248704.0,407244800.0,19502526464.0,0.0,0.0,196608.0,21475966976.0,
0.250,0.624,98.627,0.250,0.0,0.250,114409472.0,0.0,369099.0,61405657.0,1120493568.0,2306048.0,463749120.0,19444535296.0,0.0,0.0,196608.0,21475966976.0,
0.125,0.0,99.625,0.250,0.0,0.0,12689408.0,0.0,1891.0,1080848.0,1118892032.0,2310144.0,469127168.0,19440754688.0,0.0,0.0,196608.0,21475966976.0,
0.0,0.0,99.875,0.125,0.0,0.0,1171456.0,0.0,2311.0,645.0,1119318016.0,2322432.0,469676032.0,19439767552.0,0.0,0.0,196608.0,21475966976.0,
0.0,0.250,99.750,0.0,0.0,0.0,26279936.0,24576.0,38813.0,11000526.0,1119043584.0,2342912.0,481320960.0,19428376576.0,0.0,0.0,196608.0,21475966976.0,
0.375,0.375,98.752,0.250,0.0,0.250,113344512.0,0.0,147881.0,59361603.0,1119145984.0,2396160.0,537706496.0,19371835392.0,0.0,0.0,196608.0,21475966976.0,
0.0,0.125,99.250,0.625,0.0,0.0,11493376.0,65536.0,12325.0,4807000.0,1119506432.0,2428928.0,540606464.0,19368542208.0,0.0,0.0,196608.0,21475966976.0,
0.0,0.125,99.875,0.0,0.0,0.0,0.0,0.0,1879.0,1077.0,1119326208.0,2428928.0,539774976.0,19369553920.0,0.0,0.0,196608.0,21475966976.0,
0.250,0.125,98.500,0.875,0.0,0.250,85606400.0,0.0,362597.0,43588457.0,1119244288.0,2506752.0,583061504.0,19326271488.0,0.0,0.0,196608.0,21475966976.0,
0.374,0.623,97.257,1.372,0.125,0.249,166125568.0,0.0,824889.0,90806892.0,1121189888.0,2588672.0,664240128.0,19243065344.0,0.0,0.0,196608.0,21475966976.0,
0.125,0.250,98.876,0.749,0.0,0.0,36012032.0,65536.0,33805.0,15935956.0,1119137792.0,2609152.0,680366080.0,19228971008.0,0.0,0.0,196608.0,21475966976.0,
0.0,0.0,100.0,0.0,0.0,0.0,4259840.0,139264.0,2371.0,613.0,1119379456.0,2629632.0,681365504.0,19227709440.0,0.0,0.0,196608.0,21475966976.0,
0.250,0.500,98.750,0.250,0.0,0.250,118341632.0,0.0,165287.0,60598562.0,1119465472.0,2686976.0,739315712.0,19169615872.0,0.0,0.0,196608.0,21475966976.0,
0.125,0.125,99.626,0.0,0.0,0.125,29646848.0,0.0,35295.0,13819930.0,1119100928.0,2699264.0,753229824.0,19156054016.0,0.0,0.0,196608.0,21475966976.0,
0.0,0.0,100.0,0.0,0.0,0.0,0.0,0.0,1607.0,680477.0,1119281152.0,2699264.0,752033792.0,19157069824.0,0.0,0.0,196608.0,21475966976.0,
0.125,0.250,99.249,0.375,0.0,0.0,76201984.0,57344.0,69821.0,35223964.0,1119567872.0,2748416.0,790945792.0,19117821952.0,0.0,0.0,196608.0,21475966976.0,
0.249,0.498,98.630,0.249,0.0,0.374,118497280.0,0.0,850557.0,63533881.0,1119752192.0,2801664.0,847032320.0,19061497856.0,0.0,0.0,196608.0,21475966976.0,
0.125,0.250,98.876,0.375,0.125,0.250,98164736.0,0.0,1113085.0,51454826.0,1119846400.0,2850816.0,896577536.0,19011809280.0,0.0,0.0,196608.0,21475966976.0,
0.0,0.125,99.626,0.249,0.0,0.0,3219456.0,0.0,2325.0,51417.0,1119784960.0,2850816.0,895680512.0,19012767744.0,0.0,0.0,196608.0,21475966976.0,
0.0,0.0,100.0,0.0,0.0,0.0,4259840.0,0.0,807.0,1085.0,1119776768.0,2863104.0,896622592.0,19011821568.0,0.0,0.0,196608.0,21475966976.0,
0.0,0.125,99.251,0.624,0.0,0.0,12861440.0,0.0,8143.0,2806629.0,1121722368.0,2875392.0,904085504.0,19002400768.0,0.0,0.0,196608.0,21475966976.0,
0.375,0.375,98.250,0.875,0.0,0.125,124633088.0,90112.0,344859.0,65504561.0,1119678464.0,2936832.0,964358144.0,18944110592.0,0.0,0.0,196608.0,21475966976.0,
0.125,0.0,99.875,0.0,0.0,0.0,10493952.0,0.0,23005.0,6860835.0,1119670272.0,2940928.0,967569408.0,18940903424.0,0.0,0.0,196608.0,21475966976.0,
0.0,0.125,99.875,0.0,0.0,0.0,0.0,0.0,641.0,575.0,1119399936.0,2940928.0,966696960.0,18942046208.0,0.0,0.0,196608.0,21475966976.0,
0.125,0.0,99.500,0.375,0.0,0.0,9814016.0,32768.0,49727.0,2929843.0,1119690752.0,2957312.0,971763712.0,18936672256.0,0.0,0.0,196608.0,21475966976.0,
0.125,0.375,98.876,0.499,0.0,0.125,70754304.0,65536.0,615599.0,36711750.0,1119862784.0,3002368.0,1004511232.0,18903707648.0,0.0,0.0,196608.0,21475966976.0,
0.250,0.250,98.498,0.751,0.0,0.250,106127360.0,0.0,794029.0,48389887.0,1119838208.0,3063808.0,1056612352.0,18851569664.0,0.0,0.0,196608.0,21475966976.0,
0.249,0.374,98.878,0.249,0.0,0.249,105537536.0,163840.0,748729.0,56706591.0,1120276480.0,3121152.0,1108021248.0,18799665152.0,0.0,0.0,196608.0,21475966976.0,
0.0,0.125,99.625,0.250,0.0,0.0,8675328.0,0.0,13387.0,5618496.0,1119805440.0,3133440.0,1111764992.0,18796380160.0,0.0,0.0,196608.0,21475966976.0,
0.125,0.125,95.375,4.375,0.0,0.0,4685824.0,0.0,4953.0,4933.0,1120104448.0,3313664.0,1112772608.0,18794893312.0,0.0,0.0,196608.0,21475966976.0,
0.125,0.375,86.750,12.500,0.0,0.250,91422720.0,73728.0,923747.0,44503285.0,1120288768.0,3686400.0,1158152192.0,18748956672.0,0.0,0.0,196608.0,21475966976.0,
0.374,0.623,85.037,13.840,0.0,0.125,129622016.0,0.0,837667.0,72216372.0,1121484800.0,3956736.0,1224753152.0,18680889344.0,0.0,0.0,196608.0,21475966976.0,
0.125,0.375,86.517,12.734,0.125,0.125,68550656.0,204800.0,72497.0,33629592.0,1122390016.0,4472832.0,1253191680.0,18651029504.0,0.0,0.0,196608.0,21475966976.0,
0.125,0.375,87.391,12.110,0.0,0.0,2334720.0,0.0,1091.0,613.0,1126686720.0,5644288.0,1252216832.0,18646536192.0,0.0,0.0,196608.0,21475966976.0,
0.0,0.250,87.391,12.235,0.0,0.125,9879552.0,0.0,1767.0,1007.0,1129062400.0,6336512.0,1255411712.0,18640273408.0,0.0,0.0,196608.0,21475966976.0,
0.125,0.0,87.375,12.500,0.0,0.0,1171456.0,1056768.0,375.0,473.0,1129725952.0,6856704.0,1256189952.0,18638311424.0,0.0,0.0,196608.0,21475966976.0,
0.0,0.250,87.391,12.360,0.0,0.0,5390336.0,663552.0,311.0,537.0,1130864640.0,7507968.0,1255297024.0,18637414400.0,0.0,0.0,196608.0,21475966976.0,
0.250,0.499,86.767,12.235,0.0,0.250,82132992.0,24576.0,724165.0,40675839.0,1132380160.0,7995392.0,1298698240.0,18592010240.0,0.0,0.0,196608.0,21475966976.0,
0.125,0.500,85.500,13.625,0.0,0.250,140206080.0,0.0,1208245.0,67437850.0,1133752320.0,8323072.0,1364881408.0,18524127232.0,0.0,0.0,196608.0,21475966976.0,
0.125,0.500,87.125,12.250,0.0,0.0,71786496.0,0.0,410289.0,42083792.0,1135190016.0,8839168.0,1397923840.0,18489131008.0,0.0,0.0,196608.0,21475966976.0,
0.125,0.125,87.500,12.250,0.0,0.0,1261568.0,1056768.0,889.0,2113.0,1137422336.0,9465856.0,1397096448.0,18487099392.0,0.0,0.0,196608.0,21475966976.0,
0.0,0.250,87.266,12.484,0.0,0.0,9527296.0,1032192.0,1591.0,473.0,1138012160.0,10022912.0,1400111104.0,18482937856.0,0.0,0.0,196608.0,21475966976.0,
0.125,0.375,87.516,11.985,0.0,0.0,2646016.0,0.0,853.0,6127.0,1142845440.0,11313152.0,1399119872.0,18477805568.0,0.0,0.0,196608.0,21475966976.0,
0.125,0.375,87.266,12.110,0.0,0.125,10526720.0,0.0,22565.0,972930.0,1149726720.0,12271616.0,1404391424.0,18464694272.0,0.0,0.0,196608.0,21475966976.0,
0.125,0.748,86.534,12.219,0.125,0.249,132857856.0,24576.0,1204115.0,63132952.0,1148633088.0,12693504.0,1468854272.0,18400903168.0,0.0,0.0,196608.0,21475966976.0,
0.250,0.250,86.375,13.0,0.0,0.125,50855936.0,8192.0,84207.0,23992209.0,1151369216.0,13402112.0,1492885504.0,18373427200.0,0.0,0.0,196608.0,21475966976.0,
0.750,0.750,84.375,14.0,0.0,0.125,97902592.0,1892352.0,249025.0,59021191.0,1152335872.0,13729792.0,1538473984.0,18326544384.0,0.0,0.0,196608.0,21475966976.0,
0.0,0.125,87.500,12.375,0.0,0.0,5341184.0,0.0,11935.0,1778608.0,1152266240.0,14303232.0,1540567040.0,18323947520.0,0.0,0.0,196608.0,21475966976.0,
0.249,0.374,87.406,11.845,0.0,0.125,7290880.0,0.0,7425.0,1445512.0,1158647808.0,15851520.0,1541713920.0,18314870784.0,0.0,0.0,196608.0,21475966976.0,
0.250,0.625,87.0,12.0,0.0,0.125,56655872.0,0.0,649783.0,25312579.0,1163493376.0,16654336.0,1570160640.0,18280775680.0,0.0,0.0,196608.0,21475966976.0,
0.125,0.375,87.125,12.250,0.0,0.125,93945856.0,16384.0,545293.0,49168972.0,1165328384.0,17059840.0,1613467648.0,18235228160.0,0.0,0.0,196608.0,21475966976.0,
0.0,0.0,87.282,12.469,0.125,0.125,25468928.0,2064384.0,44359.0,6626268.0,1167097856.0,17563648.0,1625206784.0,18221215744.0,0.0,0.0,196608.0,21475966976.0,
0.375,0.499,86.017,12.984,0.0,0.125,125304832.0,0.0,1048401.0,64793419.0,1166254080.0,17854464.0,1687801856.0,18159173632.0,0.0,0.0,196608.0,21475966976.0,
0.0,0.500,87.500,11.875,0.0,0.125,5595136.0,0.0,14779.0,4443967.0,1170685952.0,19091456.0,1686634496.0,18154672128.0,0.0,0.0,196608.0,21475966976.0,
0.125,0.250,87.516,12.110,0.0,0.0,6127616.0,0.0,2365.0,543.0,1175642112.0,20070400.0,1687613440.0,18147758080.0,0.0,0.0,196608.0,21475966976.0,
0.0,0.375,87.500,12.125,0.0,0.0,1482752.0,1056768.0,3233.0,937.0,1178394624.0,20811776.0,1686659072.0,18145218560.0,0.0,0.0,196608.0,21475966976.0,
0.250,0.250,86.375,13.0,0.0,0.125,97992704.0,778240.0,116097.0,43123587.0,1179959296.0,21184512.0,1734021120.0,18095919104.0,0.0,0.0,196608.0,21475966976.0,
0.125,0.250,87.141,12.360,0.0,0.125,38993920.0,0.0,114087.0,28177763.0,1179545600.0,21676032.0,1752211456.0,18077650944.0,0.0,0.0,196608.0,21475966976.0,
0.125,0.250,87.016,12.484,0.0,0.125,39968768.0,0.0,32013.0,9236846.0,1180442624.0,22171648.0,1772449792.0,18056019968.0,0.0,0.0,196608.0,21475966976.0,
0.125,0.625,86.125,13.125,0.0,0.0,115974144.0,0.0,136715.0,64993785.0,1180520448.0,22487040.0,1828306944.0,17999769600.0,0.0,0.0,196608.0,21475966976.0,
0.125,0.125,87.282,12.344,0.0,0.125,11411456.0,1056768.0,11857.0,4814114.0,1180741632.0,22982656.0,1831387136.0,17995972608.0,0.0,0.0,196608.0,21475966976.0,
0.0,0.250,87.359,12.265,0.0,0.125,44220416.0,851968.0,300681.0,17109218.0,1180782592.0,23420928.0,1853624320.0,17973256192.0,0.0,0.0,196608.0,21475966976.0,
0.249,0.499,86.409,12.594,0.125,0.125,101941248.0,73728.0,381217.0,57995789.0,1183703040.0,24240128.0,1900945408.0,17922195456.0,0.0,0.0,196608.0,21475966976.0,
0.125,0.374,87.406,11.970,0.0,0.125,2605056.0,163840.0,595.0,1169.0,1190014976.0,25554944.0,1900048384.0,17915465728.0,0.0,0.0,196608.0,21475966976.0,
0.250,0.626,85.732,13.267,0.0,0.125,140345344.0,0.0,136881.0,71990172.0,1193115648.0,25997312.0,1968640000.0,17843331072.0,0.0,0.0,196608.0,21475966976.0,
0.0,0.125,98.252,1.623,0.0,0.0,204800.0,1056768.0,6687.0,3109873.0,1194049536.0,26099712.0,1967714304.0,17843220480.0,0.0,0.0,196608.0,21475966976.0,
0.250,0.250,98.752,0.624,0.0,0.125,78290944.0,901120.0,508593.0,30140396.0,1193631744.0,26140672.0,2007003136.0,17804308480.0,0.0,0.0,196608.0,21475966976.0,
0.0,0.125,85.857,13.892,0.0,0.125,19259392.0,3670016.0,263265.0,18977485.0,1193811968.0,26152960.0,2018639872.0,17792479232.0,0.0,0.0,196608.0,21475966976.0,
0.0,0.125,87.391,12.484,0.0,0.0,8577024.0,2351104.0,40715.0,7133207.0,1193738240.0,26169344.0,2024005632.0,17787170816.0,0.0,0.0,196608.0,21475966976.0,
0.125,0.125,93.392,6.234,0.0,0.125,50421760.0,1089536.0,64901.0,18920166.0,1193861120.0,26198016.0,2041872384.0,17769152512.0,0.0,0.0,196608.0,21475966976.0,
0.125,0.250,99.500,0.125,0.0,0.0,41189376.0,0.0,22023.0,10456490.0,1193873408.0,26214400.0,2061893632.0,17749102592.0,0.0,0.0,196608.0,21475966976.0,
0.249,0.374,98.753,0.125,0.125,0.374,106799104.0,65536.0,898787.0,64287834.0,1193750528.0,26275840.0,2113777664.0,17697280000.0,0.0,0.0,196608.0,21475966976.0,
0.125,0.499,98.627,0.499,0.0,0.250,130154496.0,0.0,351035.0,62691921.0,1193889792.0,26341376.0,2177925120.0,17632927744.0,0.0,0.0,196608.0,21475966976.0,
0.125,0.0,99.875,0.0,0.0,0.0,13910016.0,0.0,27112.0,12903803.0,1193824256.0,26349568.0,2183565312.0,17627344896.0,0.0,0.0,196608.0,21475966976.0,
0.0,0.125,99.126,0.749,0.0,0.0,8495104.0,0.0,4107.0,537.0,1193984000.0,26353664.0,2186551296.0,17624195072.0,0.0,0.0,196608.0,21475966976.0,
0.0,0.0,100.0,0.0,0.0,0.0,0.0,122880.0,2429.0,607.0,1193881600.0,26370048.0,2185740288.0,17625092096.0,0.0,0.0,196608.0,21475966976.0,
0.250,0.375,98.750,0.375,0.0,0.250,121815040.0,0.0,721889.0,52147364.0,1193762816.0,26439680.0,2246037504.0,17564844032.0,0.0,0.0,196608.0,21475966976.0,
0.375,0.624,98.377,0.375,0.0,0.250,157442048.0,0.0,504959.0,85923373.0,1193652224.0,26517504.0,2323083264.0,17487831040.0,0.0,0.0,196608.0,21475966976.0,
0.0,0.125,99.750,0.0,0.0,0.125,17055744.0,0.0,42203.0,12263892.0,1193730048.0,26525696.0,2330587136.0,17480241152.0,0.0,0.0,196608.0,21475966976.0,
0.125,0.0,99.875,0.0,0.0,0.0,0.0,0.0,819.0,1147.0,1193738240.0,26525696.0,2329563136.0,17481256960.0,0.0,0.0,196608.0,21475966976.0,
0.0,0.125,99.875,0.0,0.0,0.0,0.0,57344.0,305.0,481.0,1193619456.0,26533888.0,2328657920.0,17482272768.0,0.0,0.0,196608.0,21475966976.0,
0.0,0.0,100.0,0.0,0.0,0.0,0.0,0.0,2557.0,607.0,1193545728.0,26533888.0,2327465984.0,17483538432.0,0.0,0.0,196608.0,21475966976.0,
0.250,0.375,98.0,1.125,0.0,0.250,97181696.0,0.0,1103839.0,37375183.0,1195851776.0,26583040.0,2374959104.0,17433690112.0,0.0,0.0,196608.0,21475966976.0,
0.375,0.749,94.757,3.870,0.0,0.250,186040320.0,0.0,948795.0,97152090.0,1193930752.0,26669056.0,2466713600.0,17343770624.0,0.0,0.0,196608.0,21475966976.0,
0.125,0.0,99.625,0.125,0.0,0.125,17121280.0,0.0,34199.0,15737221.0,1193943040.0,26689536.0,2474393600.0,17336057856.0,0.0,0.0,196608.0,21475966976.0,
0.0,0.0,100.0,0.0,0.0,0.0,0.0,98304.0,627.0,1147.0,1194156032.0,26705920.0,2473279488.0,17336942592.0,0.0,0.0,196608.0,21475966976.0,
0.0,0.125,99.875,0.0,0.0,0.0,4194304.0,0.0,631.0,537.0,1194340352.0,26705920.0,2474176512.0,17335861248.0,0.0,0.0,196608.0,21475966976.0,
0.125,0.0,99.875,0.0,0.0,0.0,0.0,0.0,2301.0,543.0,1193832448.0,26705920.0,2473291776.0,17337253888.0,0.0,0.0,196608.0,21475966976.0,
0.125,0.250,99.376,0.0,0.125,0.125,50905088.0,0.0,390537.0,21197724.0,1193861120.0,26730496.0,2497785856.0,17312706560.0,0.0,0.0,196608.0,21475966976.0,
0.375,0.250,99.250,0.0,0.0,0.125,92889088.0,0.0,828531.0,51109033.0,1191936000.0,26775552.0,2543009792.0,17269362688.0,0.0,0.0,196608.0,21475966976.0,
0.125,0.375,98.625,0.750,0.0,0.125,84590592.0,0.0,95165.0,35160120.0,1192042496.0,26816512.0,2584231936.0,17227993088.0,0.0,0.0,196608.0,21475966976.0,
0.250,0.250,99.251,0.0,0.0,0.250,67698688.0,65536.0,594711.0,42787396.0,1192005632.0,26857472.0,2617069568.0,17195151360.0,0.0,0.0,196608.0,21475966976.0,
0.0,0.0,99.750,0.250,0.0,0.0,4259840.0,0.0,847.0,10745.0,1192255488.0,26869760.0,2617880576.0,17194078208.0,0.0,0.0,196608.0,21475966976.0,
0.0,0.125,99.875,0.0,0.0,0.0,0.0,0.0,3069.0,543.0,1191940096.0,26869760.0,2617016320.0,17195257856.0,0.0,0.0,196608.0,21475966976.0,
0.125,0.0,99.875,0.0,0.0,0.0,4194304.0,0.0,873.0,1333.0,1191989248.0,26869760.0,2617913344.0,17194311680.0,0.0,0.0,196608.0,21475966976.0,
0.125,0.250,99.375,0.125,0.0,0.125,71892992.0,81920.0,620895.0,31796991.0,1191948288.0,26918912.0,2652897280.0,17159319552.0,0.0,0.0,196608.0,21475966976.0,
0.125,0.499,99.127,0.0,0.0,0.249,72163328.0,90112.0,551129.0,35234076.0,1192333312.0,26955776.0,2687848448.0,17123946496.0,0.0,0.0,196608.0,21475966976.0,
0.250,0.375,98.874,0.250,0.0,0.250,118603776.0,0.0,161023.0,65847576.0,1192419328.0,27013120.0,2745888768.0,17065762816.0,0.0,0.0,196608.0,21475966976.0,
0.125,0.125,99.376,0.375,0.0,0.0,33685504.0,0.0,32065.0,17457640.0,1192095744.0,27029504.0,2761945088.0,17050013696.0,0.0,0.0,196608.0,21475966976.0,
0.125,0.0,99.875,0.0,0.0,0.0,0.0,0.0,311.0,473.0,1192296448.0,27029504.0,2760855552.0,17050902528.0,0.0,0.0,196608.0,21475966976.0,
0.0,0.125,99.875,0.0,0.0,0.0,4259840.0,0.0,813.0,1155.0,1192411136.0,27041792.0,2761740288.0,17049890816.0,0.0,0.0,196608.0,21475966976.0,
0.0,0.0,99.875,0.125,0.0,0.0,0.0,229376.0,375.0,473.0,1192517632.0,27058176.0,2760867840.0,17050640384.0,0.0,0.0,196608.0,21475966976.0,
0.249,0.374,98.628,0.374,0.125,0.249,160841728.0,0.0,594667.0,72083390.0,1192824832.0,27131904.0,2839826432.0,16971300864.0,0.0,0.0,196608.0,21475966976.0,
0.250,0.499,98.752,0.125,0.0,0.375,115032064.0,0.0,1291819.0,64266378.0,1192656896.0,27189248.0,2897960960.0,16913276928.0,0.0,0.0,196608.0,21475966976.0,
0.125,0.0,99.875,0.0,0.0,0.0,16171008.0,0.0,215255.0,14003850.0,1192640512.0,27197440.0,2903597056.0,16907649024.0,0.0,0.0,196608.0,21475966976.0,
0.0,0.0,100.0,0.0,0.0,0.0,0.0,81920.0,628.0,543.0,1192640512.0,27205632.0,2902716416.0,16908521472.0,0.0,0.0,196608.0,21475966976.0,
0.624,0.375,98.252,0.749,0.0,0.0,8429568.0,532480.0,749.0,1077.0,1192804352.0,27209728.0,2905702400.0,16905367552.0,0.0,0.0,196608.0,21475966976.0,
0.0,0.125,99.875,0.0,0.0,0.0,21053440.0,475136.0,631.0,473.0,1192960000.0,27217920.0,2915028992.0,16895877120.0,0.0,0.0,196608.0,21475966976.0,
0.375,0.500,98.0,0.875,0.0,0.250,175710208.0,0.0,831841.0,90476927.0,1192660992.0,27316224.0,3002933248.0,16808173568.0,0.0,0.0,196608.0,21475966976.0,
0.250,0.250,99.251,0.0,0.0,0.250,82550784.0,0.0,895737.0,52064778.0,1192669184.0,27353088.0,3041820672.0,16769241088.0,0.0,0.0,196608.0,21475966976.0,
0.0,0.250,99.750,0.0,0.0,0.0,16793600.0,65536.0,38345.0,7723168.0,1192579072.0,27369472.0,3049414656.0,16761720832.0,0.0,0.0,196608.0,21475966976.0,
0.125,0.0,99.875,0.0,0.0,0.0,0.0,0.0,1597.0,543.0,1192427520.0,27369472.0,3048550400.0,16762736640.0,0.0,0.0,196608.0,21475966976.0,
0.0,0.0,100.0,0.0,0.0,0.0,0.0,0.0,423.0,1007.0,1192607744.0,27369472.0,3047354368.0,16763752448.0,0.0,0.0,196608.0,21475966976.0,
0.0,0.0,100.0,0.0,0.0,0.0,0.0,0.0,445.0,543.0,1192247296.0,27369472.0,3046453248.0,16765014016.0,0.0,0.0,196608.0,21475966976.0,
0.374,0.748,97.132,1.621,0.0,0.125,167280640.0,0.0,184793.0,72868280.0,1192923136.0,27451392.0,3129589760.0,16681119744.0,0.0,0.0,196608.0,21475966976.0,
0.375,0.250,99.0,0.125,0.0,0.250,112009216.0,24576.0,1192179.0,65408327.0,1193013248.0,27512832.0,3183411200.0,16627146752.0,0.0,0.0,196608.0,21475966976.0,
0.125,0.250,99.376,0.250,0.0,0.0,21053440.0,65536.0,53739.0,11986100.0,1192935424.0,27541504.0,3193085952.0,16617521152.0,0.0,0.0,196608.0,21475966976.0,
0.0,0.0,100.0,0.0,0.0,0.0,0.0,0.0,951.0,473.0,1192493056.0,27541504.0,3192274944.0,16618774528.0,0.0,0.0,196608.0,21475966976.0,
0.0,0.0,99.875,0.0,0.125,0.0,4194304.0,0.0,1837.0,1077.0,1192669184.0,27541504.0,3193171968.0,16617701376.0,0.0,0.0,196608.0,21475966976.0,
0.125,0.0,99.875,0.0,0.0,0.0,0.0,0.0,503.0,473.0,1192423424.0,27541504.0,3192274944.0,16618844160.0,0.0,0.0,196608.0,21475966976.0,
0.375,0.875,98.125,0.375,0.0,0.250,139591680.0,0.0,143321.0,64107057.0,1193332736.0,27611136.0,3260645376.0,16549494784.0,0.0,0.0,196608.0,21475966976.0,
0.250,0.250,98.750,0.375,0.0,0.375,101556224.0,57344.0,1207089.0,53293667.0,1193005056.0,27668480.0,3310346240.0,16500064256.0,0.0,0.0,196608.0,21475966976.0,
0.125,0.250,99.126,0.499,0.0,0.0,50937856.0,0.0,527825.0,32934206.0,1193119744.0,27693056.0,3334803456.0,16475467776.0,0.0,0.0,196608.0,21475966976.0,
0.125,0.0,99.875,0.0,0.0,0.0,65536.0,0.0,2189.0,715.0,1192890368.0,27693056.0,3334017024.0,16476483584.0,0.0,0.0,196608.0,21475966976.0,
0.0,0.125,99.375,0.375,0.0,0.125,31817728.0,0.0,21393.0,10738682.0,1193472000.0,27721728.0,3349536768.0,16460353536.0,0.0,0.0,196608.0,21475966976.0,
0.250,0.500,99.0,0.125,0.0,0.125,112304128.0,98304.0,132569.0,64429551.0,1193152512.0,27791360.0,3403886592.0,16406253568.0,0.0,0.0,196608.0,21475966976.0,
0.125,0.125,99.750,0.0,0.0,0.0,4194304.0,0.0,585.0,1067.0,1193308160.0,27791360.0,3404812288.0,16405172224.0,0.0,0.0,196608.0,21475966976.0,
1.122,0.249,90.898,7.731,0.0,0.0,3702784.0,344064.0,3503.0,2069.0,1200590848.0,28037120.0,3405434880.0,16397021184.0,0.0,0.0,196608.0,21475966976.0,
1.125,0.0,95.750,3.125,0.0,0.0,1589248.0,0.0,1149.0,403.0,1193857024.0,28164096.0,3405029376.0,16404033536.0,0.0,0.0,196608.0,21475966976.0,
0.0,0.250,99.251,0.375,0.0,0.125,42246144.0,0.0,316156.0,14086472.0,1194098688.0,28184576.0,3424768000.0,16384032768.0,0.0,0.0,196608.0,21475966976.0,
0.250,0.125,98.627,0.749,0.125,0.125,80330752.0,81920.0,830721.0,38005531.0,1194082304.0,28233728.0,3463888896.0,16344879104.0,0.0,0.0,196608.0,21475966976.0,
0.375,0.749,98.252,0.250,0.0,0.375,148054016.0,73728.0,603313.0,73646917.0,1194467328.0,28303360.0,3536781312.0,16271532032.0,0.0,0.0,196608.0,21475966976.0,
0.0,0.0,99.875,0.125,0.0,0.0,29712384.0,442368.0,52765.0,24616247.0,1194278912.0,28336128.0,3550728192.0,16257740800.0,0.0,0.0,196608.0,21475966976.0,
0.0,0.125,99.875,0.0,0.0,0.0,0.0,0.0,627.0,1147.0,1193934848.0,28336128.0,3549949952.0,16258863104.0,0.0,0.0,196608.0,21475966976.0,
0.250,0.500,98.125,0.875,0.0,0.250,92889088.0,0.0,53335.0,25966372.0,1194283008.0,28381184.0,3595055104.0,16213364736.0,0.0,0.0,196608.0,21475966976.0,
0.499,0.749,98.127,0.375,0.0,0.250,128049152.0,8192.0,144259.0,68829369.0,1194123264.0,28446720.0,3659755520.0,16148758528.0,0.0,0.0,196608.0,21475966976.0,
0.250,0.499,98.876,0.250,0.0,0.125,70844416.0,614400.0,150593.0,54843565.0,1194536960.0,28483584.0,3692404736.0,16115658752.0,0.0,0.0,196608.0,21475966976.0,
0.0,0.0,100.0,0.0,0.0,0.0,0.0,32768.0,5959.0,559126.0,1194467328.0,28491776.0,3691368448.0,16116756480.0,0.0,0.0,196608.0,21475966976.0,
0.0,0.125,99.501,0.375,0.0,0.0,8429568.0,0.0,2103.0,473.0,1194565632.0,28495872.0,3694485504.0,16113537024.0,0.0,0.0,196608.0,21475966976.0,
0.374,0.374,98.628,0.374,0.0,0.249,118407168.0,0.0,104239.0,44318317.0,1194565632.0,28553216.0,3752706048.0,16055259136.0,0.0,0.0,196608.0,21475966976.0,
0.0,0.125,99.749,0.125,0.0,0.0,29712384.0,73728.0,86553.0,30846130.0,1194962944.0,28585984.0,3766128640.0,16041406464.0,0.0,0.0,196608.0,21475966976.0,
0.250,0.375,98.252,0.999,0.0,0.125,76201984.0,524288.0,54841.0,26838986.0,1194938368.0,28626944.0,3807444992.0,16000073728.0,0.0,0.0,196608.0,21475966976.0,
0.125,0.374,90.898,8.479,0.0,0.125,71786496.0,483328.0,79439.0,48338679.0,1195020288.0,28655616.0,3838312448.0,15969095680.0,0.0,0.0,196608.0,21475966976.0,
0.0,0.0,100.0,0.0,0.0,0.0,0.0,0.0,653.0,1099.0,1194987520.0,28655616.0,3837329408.0,15970111488.0,0.0,0.0,196608.0,21475966976.0,
0.125,0.250,99.126,0.375,0.125,0.0,52060160.0,0.0,42537.0,8071822.0,1195053056.0,28684288.0,3863617536.0,15943729152.0,0.0,0.0,196608.0,21475966976.0,
0.249,0.125,99.252,0.125,0.0,0.249,74940416.0,81920.0,257869.0,54341947.0,1195642880.0,28733440.0,3898298368.0,15908409344.0,0.0,0.0,196608.0,21475966976.0,
0.0,0.250,99.625,0.125,0.0,0.0,25223168.0,0.0,28265.0,12755738.0,1195438080.0,28745728.0,3910004736.0,15896895488.0,0.0,0.0,196608.0,21475966976.0,
0.125,0.0,99.875,0.0,0.0,0.0,65536.0,0.0,317.0,543.0,1195147264.0,28745728.0,3909210112.0,15897980928.0,0.0,0.0,196608.0,21475966976.0,
0.125,0.375,99.0,0.375,0.0,0.125,84819968.0,0.0,46687.0,22839701.0,1195560960.0,28798976.0,3950120960.0,15856603136.0,0.0,0.0,196608.0,21475966976.0,
0.125,0.250,99.375,0.125,0.0,0.125,63234048.0,0.0,106343.0,52326547.0,1195089920.0,28827648.0,3981131776.0,15826034688.0,0.0,0.0,196608.0,21475966976.0,
0.125,0.125,99.751,0.0,0.0,0.0,4194304.0,65536.0,2627.0,755.0,1195458560.0,28835840.0,3981946880.0,15824842752.0,0.0,0.0,196608.0,21475966976.0,
0.0,0.0,100.0,0.0,0.0,0.0,0.0,0.0,551.0,1007.0,1195200512.0,28835840.0,3981062144.0,15825985536.0,0.0,0.0,196608.0,21475966976.0,
0.375,0.624,97.878,0.874,0.0,0.250,139862016.0,0.0,149771.0,70585905.0,1195393024.0,28905472.0,4049764352.0,15757021184.0,0.0,0.0,196608.0,21475966976.0,
0.125,0.500,99.0,0.250,0.0,0.125,73310208.0,0.0,45577.0,20730274.0,1195270144.0,28942336.0,4086804480.0,15720067072.0,0.0,0.0,196608.0,21475966976.0,
0.250,0.375,99.251,0.125,0.0,0.0,83369984.0,0.0,126515.0,59019796.0,1195827200.0,28979200.0,4125564928.0,15680712704.0,0.0,0.0,196608.0,21475966976.0,
0.0,0.0,99.875,0.0,0.125,0.0,65536.0,90112.0,591.0,1579.0,1195728896.0,28995584.0,4124889088.0,15681470464.0,0.0,0.0,196608.0,21475966976.0,
0.250,0.250,98.752,0.499,0.0,0.250,77209600.0,0.0,52173.0,19722377.0,1195839488.0,29044736.0,4163842048.0,15642357760.0,0.0,0.0,196608.0,21475966976.0,
0.0,0.375,99.376,0.125,0.0,0.125,70623232.0,0.0,145905.0,55374281.0,1195483136.0,29077504.0,4196765696.0,15609757696.0,0.0,0.0,196608.0,21475966976.0,
0.250,0.125,99.250,0.375,0.0,0.0,54837248.0,0.0,14645.0,4517364.0,1197490176.0,29102080.0,4222754816.0,15581736960.0,0.0,0.0,196608.0,21475966976.0,
0.250,0.375,99.0,0.125,0.0,0.250,92930048.0,0.0,144045.0,70581598.0,1195814912.0,29147136.0,4268376064.0,15537745920.0,0.0,0.0,196608.0,21475966976.0,
0.125,0.125,99.751,0.0,0.0,0.0,0.0,81920.0,3379.0,2185.0,1195753472.0,29155328.0,4267286528.0,15538888704.0,0.0,0.0,196608.0,21475966976.0,
0.0,0.0,100.0,0.0,0.0,0.0,0.0,24576.0,509.0,543.0,1195634688.0,29163520.0,4266385408.0,15539900416.0,0.0,0.0,196608.0,21475966976.0,
0.0,0.125,99.875,0.0,0.0,0.0,0.0,0.0,241.0,403.0,1195626496.0,29163520.0,4266385408.0,15539908608.0,0.0,0.0,196608.0,21475966976.0,
0.0,0.0,98.373,1.627,0.0,0.0,25288704.0,0.0,61458.0,15451633.0,1195974656.0,29175808.0,4277792768.0,15528140800.0,0.0,0.0,196608.0,21475966976.0,
0.125,0.125,99.751,0.0,0.0,0.0,0.0,0.0,369.0,403.0,1195855872.0,29175808.0,4276895744.0,15529156608.0,0.0,0.0,196608.0,21475966976.0,
0.0,0.125,99.500,0.250,0.0,0.125,21053440.0,65536.0,34334.0,15449399.0,1195991040.0,29204480.0,4286226432.0,15519662080.0,0.0,0.0,196608.0,21475966976.0,
0.625,0.250,99.125,0.0,0.0,0.0,0.0,65536.0,813.0,1007.0,1195872256.0,29204480.0,4285329408.0,15520677888.0,0.0,0.0,196608.0,21475966976.0,
0.0,0.0,100.0,0.0,0.0,0.0,4194304.0,0.0,2545.0,467.0,1195909120.0,29204480.0,4286238720.0,15519731712.0,0.0,0.0,196608.0,21475966976.0,
0.0,0.125,99.875,0.0,0.0,0.0,0.0,0.0,177.0,403.0,1195790336.0,29204480.0,4285341696.0,15520747520.0,0.0,0.0,196608.0,21475966976.0,
0.0,0.0,100.0,0.0,0.0,0.0,0.0,0.0,807.0,1007.0,1195843584.0,29204480.0,4284141568.0,15521894400.0,0.0,0.0,196608.0,21475966976.0,
0.125,0.125,99.751,0.0,0.0,0.0,0.0,40960.0,567.0,551.0,1195716608.0,29212672.0,4283236352.0,15522918400.0,0.0,0.0,196608.0,21475966976.0,
0.0,0.0,99.500,0.500,0.0,0.0,8495104.0,114688.0,2097.0,403.0,1195974656.0,29224960.0,4286246912.0,15519637504.0,0.0,0.0,196608.0,21475966976.0,
0.0,0.0,100.0,0.0,0.0,0.0,0.0,0.0,353.0,937.0,1195855872.0,29224960.0,4285349888.0,15520653312.0,0.0,0.0,196608.0,21475966976.0,
0.125,0.125,99.751,0.0,0.0,0.0,4259840.0,0.0,305.0,403.0,1195732992.0,29237248.0,4286353408.0,15519760384.0,0.0,0.0,196608.0,21475966976.0,
0.0,0.0,100.0,0.0,0.0,0.0,0.0,0.0,2225.0,403.0,1195659264.0,29237248.0,4285411328.0,15520776192.0,0.0,0.0,196608.0,21475966976.0,
0.0,0.0,100.0,0.0,0.0,0.0,4194304.0,49152.0,481.0,937.0,1195962368.0,29245440.0,4286300160.0,15519576064.0,0.0,0.0,196608.0,21475966976.0,
0.125,0.125,99.626,0.125,0.0,0.0,0.0,1015808.0,305.0,403.0,1195855872.0,29245440.0,4285407232.0,15520575488.0,0.0,0.0,196608.0,21475966976.0,
0.0,0.0,99.875,0.0,0.125,0.0,0.0,0.0,3681.0,16351.0,1195753472.0,29245440.0,4284256256.0,15521828864.0,0.0,0.0,196608.0,21475966976.0,
0.0,0.0,100.0,0.0,0.0,0.0,0.0,0.0,6259.0,5911.0,1195634688.0,29245440.0,4283359232.0,15522844672.0,0.0,0.0,196608.0,21475966976.0,
0.125,0.125,99.251,0.499,0.0,0.0,8495104.0,0.0,2289.0,403.0,1195614208.0,29249536.0,4286402560.0,15519817728.0,0.0,0.0,196608.0,21475966976.0,
0.0,0.0,99.875,0.125,0.0,0.0,0.0,49152.0,1265.0,481.0,1195749376.0,29257728.0,4285497344.0,15520579584.0,0.0,0.0,196608.0,21475966976.0,
0.0,0.125,99.875,0.0,0.0,0.0,4259840.0,0.0,1825.0,937.0,1195675648.0,29270016.0,4286443520.0,15519694848.0,0.0,0.0,196608.0,21475966976.0,
0.125,0.0,99.875,0.0,0.0,0.0,0.0,0.0,753.0,403.0,1195528192.0,29270016.0,4285558784.0,15520727040.0,0.0,0.0,196608.0,21475966976.0,
0.125,0.0,99.875,0.0,0.0,0.0,4194304.0,90112.0,443.0,505.0,1195814912.0,29282304.0,4286459904.0,15519526912.0,0.0,0.0,196608.0,21475966976.0,
0.0,0.0,100.0,0.0,0.0,0.0,0.0,0.0,809.0,1333.0,1195569152.0,29282304.0,4285562880.0,15520669696.0,0.0,0.0,196608.0,21475966976.0,
0.0,0.125,99.875,0.0,0.0,0.0,0.0,40960.0,433.0,403.0,1195634688.0,29290496.0,4284354560.0,15521804288.0,0.0,0.0,196608.0,21475966976.0,
0.125,0.0,99.875,0.0,0.0,0.0,0.0,0.0,2447.0,403.0,1195372544.0,29290496.0,4283482112.0,15522938880.0,0.0,0.0,196608.0,21475966976.0,
0.0,0.125,99.500,0.375,0.0,0.0,8495104.0,0.0,2349.0,937.0,1195368448.0,29294592.0,4286509056.0,15519911936.0,0.0,0.0,196608.0,21475966976.0,
0.0,0.0,100.0,0.0,0.0,0.0,0.0,131072.0,241.0,403.0,1195245568.0,29302784.0,4285607936.0,15520927744.0,0.0,0.0,196608.0,21475966976.0,
0.125,0.0,99.751,0.125,0.0,0.0,4259840.0,0.0,497.0,403.0,1195659264.0,29315072.0,4286255104.0,15519854592.0,0.0,0.0,196608.0,21475966976.0,
0.0,0.0,100.0,0.0,0.0,0.0,0.0,0.0,481.0,1015.0,1195220992.0,29315072.0,4285669376.0,15520878592.0,0.0,0.0,196608.0,21475966976.0,
0.0,0.0,99.625,0.250,0.0,0.125,4202496.0,81920.0,1457.0,403.0,1195634688.0,29327360.0,4286570496.0,15519551488.0,0.0,0.0,196608.0,21475966976.0,
0.125,0.125,99.751,0.0,0.0,0.0,0.0,0.0,369.0,403.0,1195266048.0,29327360.0,4285673472.0,15520817152.0,0.0,0.0,196608.0,21475966976.0,
0.0,0.0,100.0,0.0,0.0,0.0,0.0,0.0,673.0,937.0,1195286528.0,29327360.0,4284514304.0,15521955840.0,0.0,0.0,196608.0,21475966976.0,
0.0,0.0,100.0,0.0,0.0,0.0,0.0,0.0,1521.0,403.0,1195167744.0,29327360.0,4283617280.0,15522971648.0,0.0,0.0,196608.0,21475966976.0,
0.0,0.125,99.375,0.500,0.0,0.0,8495104.0,73728.0,433.0,403.0,1195458560.0,29347840.0,4286652416.0,15519625216.0,0.0,0.0,196608.0,21475966976.0,
0.125,0.0,99.875,0.0,0.0,0.0,0.0,0.0,737.0,937.0,1195220992.0,29347840.0,4285755392.0,15520759808.0,0.0,0.0,196608.0,21475966976.0,
0.0,0.125,99.875,0.0,0.0,0.0,4259840.0,0.0,2289.0,403.0,1195388928.0,29360128.0,4286402560.0,15519932416.0,0.0,0.0,196608.0,21475966976.0,
0.0,0.0,100.0,0.0,0.0,0.0,0.0,0.0,561.0,403.0,1194958848.0,29360128.0,4285816832.0,15520948224.0,0.0,0.0,196608.0,21475966976.0,
0.125,0.0,99.875,0.0,0.0,0.0,4194304.0,0.0,2529.0,937.0,1195134976.0,29360128.0,4286713856.0,15519875072.0,0.0,0.0,196608.0,21475966976.0,
0.0,0.125,99.875,0.0,0.0,0.0,0.0,40960.0,1073.0,481.0,1195143168.0,29368320.0,4285808640.0,15520763904.0,0.0,0.0,196608.0,21475966976.0,
0.125,0.0,99.875,0.0,0.0,0.0,0.0,81920.0,1457.0,403.0,1195294720.0,29368320.0,4284645376.0,15521775616.0,0.0,0.0,196608.0,21475966976.0,
0.0,0.125,99.875,0.0,0.0,0.0,0.0,0.0,481.0,937.0,1195040768.0,29368320.0,4283748352.0,15522926592.0,0.0,0.0,196608.0,21475966976.0,
0.0,0.0,98.875,1.125,0.0,0.0,8495104.0,0.0,251.0,505.0,1195372544.0,29372416.0,4286758912.0,15519580160.0,0.0,0.0,196608.0,21475966976.0,
0.0,0.0,100.0,0.0,0.0,0.0,0.0,0.0,369.0,403.0,1195253760.0,29372416.0,4285861888.0,15520595968.0,0.0,0.0,196608.0,21475966976.0,
0.125,0.125,99.626,0.125,0.0,0.0,4259840.0,106496.0,673.0,937.0,1195491328.0,29392896.0,4286754816.0,15519444992.0,0.0,0.0,196608.0,21475966976.0,
0.0,0.0,99.875,0.125,0.0,0.0,0.0,188416.0,1841.0,403.0,1195577344.0,29401088.0,4285906944.0,15520198656.0,0.0,0.0,196608.0,21475966976.0,
0.0,0.125,99.751,0.0,0.125,0.0,4194304.0,0.0,305.0,403.0,1195368448.0,29401088.0,4286812160.0,15519502336.0,0.0,0.0,196608.0,21475966976.0,
0.0,0.0,100.0,0.0,0.0,0.0,0.0,0.0,1569.0,937.0,1195126784.0,29401088.0,4285915136.0,15520641024.0,0.0,0.0,196608.0,21475966976.0,
0.125,0.0,99.875,0.0,0.0,0.0,0.0,0.0,497.0,403.0,1195171840.0,29401088.0,4284735488.0,15521775616.0,0.0,0.0,196608.0,21475966976.0,
0.0,0.125,99.875,0.0,0.0,0.0,0.0,40960.0,433.0,481.0,1195040768.0,29409280.0,4283834368.0,15522799616.0,0.0,0.0,196608.0,21475966976.0,
0.125,0.0,97.503,2.247,0.0,0.125,8495104.0,1433600.0,737.0,937.0,1195798528.0,29413376.0,4286504960.0,15519367168.0,0.0,0.0,196608.0,21475966976.0,
0.0,0.0,96.625,3.250,0.0,0.125,0.0,1449984.0,2097.0,19295.0,1195945984.0,29413376.0,4285870080.0,15519854592.0,0.0,0.0,196608.0,21475966976.0,
0.0,0.125,99.750,0.125,0.0,0.0,4259840.0,0.0,625.0,403.0,1196068864.0,29425664.0,4286812160.0,15518777344.0,0.0,0.0,196608.0,21475966976.0,
0.125,0.0,99.875,0.0,0.0,0.0,0.0,0.0,545.0,937.0,1195974656.0,29425664.0,4285890560.0,15519793152.0,0.0,0.0,196608.0,21475966976.0,
0.0,0.0,100.0,0.0,0.0,0.0,4194304.0,81920.0,2289.0,403.0,1195675648.0,29442048.0,4287176704.0,15518789632.0,0.0,0.0,196608.0,21475966976.0,
0.125,0.125,99.750,0.0,0.0,0.0,0.0,0.0,847.0,403.0,1195704320.0,29442048.0,4285890560.0,15520047104.0,0.0,0.0,196608.0,21475966976.0,
0.0,0.0,100.0,0.0,0.0,0.0,0.0,0.0,1453.0,937.0,1195712512.0,29442048.0,4284993536.0,15520935936.0,0.0,0.0,196608.0,21475966976.0,
0.0,0.0,100.0,0.0,0.0,0.0,0.0,0.0,3889.0,403.0,1195757568.0,29442048.0,4283797504.0,15522086912.0,0.0,0.0,196608.0,21475966976.0,
0.125,0.125,99.750,0.0,0.0,0.0,8495104.0,0.0,497.0,403.0,1195569152.0,29446144.0,4287266816.0,15518801920.0,0.0,0.0,196608.0,21475966976.0,
0.125,0.0,99.875,0.0,0.0,0.0,0.0,81920.0,3553.0,1015.0,1195966464.0,29454336.0,4285972480.0,15519690752.0,0.0,0.0,196608.0,21475966976.0,
0.0,0.125,99.875,0.0,0.0,0.0,4259840.0,24576.0,2097.0,403.0,1195720704.0,29474816.0,4287143936.0,15518744576.0,0.0,0.0,196608.0,21475966976.0,
0.0,0.0,100.0,0.0,0.0,0.0,0.0,0.0,2865.0,403.0,1195839488.0,29474816.0,4286001152.0,15519768576.0,0.0,0.0,196608.0,21475966976.0,
0.125,0.0,99.875,0.0,0.0,0.0,4194304.0,0.0,491.0,1039.0,1195606016.0,29474816.0,4287299584.0,15518703616.0,0.0,0.0,196608.0,21475966976.0,
0.0,0.0,100.0,0.0,0.0,0.0,0.0,0.0,241.0,403.0,1195515904.0,29474816.0,4285997056.0,15520096256.0,0.0,0.0,196608.0,21475966976.0,
0.0,0.125,99.875,0.0,0.0,0.0,0.0,40960.0,561.0,403.0,1195417600.0,29483008.0,4285198336.0,15520985088.0,0.0,0.0,196608.0,21475966976.0,
0.749,0.250,99.001,0.0,0.0,0.0,0.0,0.0,737.0,937.0,1195917312.0,29483008.0,4283944960.0,15521738752.0,0.0,0.0,196608.0,21475966976.0,
0.0,0.0,98.875,1.125,0.0,0.0,8429568.0,0.0,1713.0,403.0,1195872256.0,29487104.0,4287016960.0,15518707712.0,0.0,0.0,196608.0,21475966976.0,
0.125,0.125,99.750,0.0,0.0,0.0,65536.0,0.0,561.0,403.0,1195376640.0,29487104.0,4286119936.0,15520100352.0,0.0,0.0,196608.0,21475966976.0,
0.0,0.0,100.0,0.0,0.0,0.0,4259840.0,0.0,2473.0,1333.0,1195257856.0,29499392.0,4287299584.0,15519027200.0,0.0,0.0,196608.0,21475966976.0,
0.0,0.0,99.875,0.125,0.0,0.0,0.0,0.0,241.0,481.0,1195266048.0,29499392.0,4286140416.0,15520178176.0,0.0,0.0,196608.0,21475966976.0,
0.125,0.125,99.626,0.0,0.0,0.125,4194304.0,49152.0,337.0,403.0,1195036672.0,29507584.0,4287434752.0,15519105024.0,0.0,0.0,196608.0,21475966976.0,
0.0,0.0,100.0,0.0,0.0,0.0,0.0,0.0,641.0,937.0,1195065344.0,29507584.0,4286140416.0,15520370688.0,0.0,0.0,196608.0,21475966976.0,
0.125,0.0,99.875,0.0,0.0,0.0,0.0,0.0,2385.0,467.0,1194840064.0,29507584.0,4285349888.0,15521386496.0,0.0,0.0,196608.0,21475966976.0,
0.0,0.0,100.0,0.0,0.0,0.0,0.0,0.0,465.0,403.0,1195339776.0,29507584.0,4284088320.0,15522148352.0,0.0,0.0,196608.0,21475966976.0,
0.0,0.125,99.126,0.749,0.0,0.0,8429568.0,24576.0,609.0,937.0,1195544576.0,29519872.0,4287152128.0,15518867456.0,0.0,0.0,196608.0,21475966976.0,
0.125,0.0,99.875,0.0,0.0,0.0,65536.0,131072.0,2353.0,467.0,1195175936.0,29528064.0,4286263296.0,15520116736.0,0.0,0.0,196608.0,21475966976.0,
0.125,0.125,99.751,0.0,0.0,0.0,4259840.0,0.0,497.0,403.0,1194926080.0,29540352.0,4287447040.0,15519170560.0,0.0,0.0,196608.0,21475966976.0,
0.0,0.0,100.0,0.0,0.0,0.0,0.0,0.0,481.0,937.0,1195069440.0,29540352.0,4286287872.0,15520186368.0,0.0,0.0,196608.0,21475966976.0,
0.0,0.0,100.0,0.0,0.0,0.0,4194304.0,0.0,3715.0,531.0,1195143168.0,29540352.0,4287287296.0,15519113216.0,0.0,0.0,196608.0,21475966976.0,
0.125,0.125,99.501,0.250,0.0,0.0,16384.0,40960.0,561.0,481.0,1195298816.0,29556736.0,4285972480.0,15520256000.0,0.0,0.0,196608.0,21475966976.0,
0.0,0.0,100.0,0.0,0.0,0.0,0.0,131072.0,3745.0,1001.0,1194643456.0,29564928.0,4285476864.0,15521398784.0,0.0,0.0,196608.0,21475966976.0,
0.0,0.125,99.875,0.0,0.0,0.0,0.0,0.0,2417.0,467.0,1195278336.0,29564928.0,4284198912.0,15522041856.0,0.0,0.0,196608.0,21475966976.0,
0.125,0.0,99.375,0.500,0.0,0.0,8429568.0,0.0,3259.0,569.0,1195425792.0,29569024.0,4287270912.0,15518818304.0,0.0,0.0,196608.0,21475966976.0,
0.0,0.125,99.875,0.0,0.0,0.0,65536.0,0.0,481.0,937.0,1195151360.0,29569024.0,4286337024.0,15520026624.0,0.0,0.0,196608.0,21475966976.0,
0.0,0.0,99.875,0.0,0.0,0.125,4259840.0,57344.0,305.0,403.0,1195016192.0,29589504.0,4287524864.0,15518953472.0,0.0,0.0,196608.0,21475966976.0,
0.125,0.0,99.875,0.0,0.0,0.0,0.0,65536.0,847.0,403.0,1195012096.0,29589504.0,4286402560.0,15520079872.0,0.0,0.0,196608.0,21475966976.0,
0.0,0.125,99.875,0.0,0.0,0.0,4194304.0,0.0,1821.0,16885.0,1195085824.0,29589504.0,4287401984.0,15519006720.0,0.0,0.0,196608.0,21475966976.0,
0.125,0.0,99.875,0.0,0.0,0.0,0.0,139264.0,2353.0,467.0,1195180032.0,29597696.0,4286107648.0,15520198656.0,0.0,0.0,196608.0,21475966976.0,
0.0,0.0,100.0,0.0,0.0,0.0,0.0,0.0,433.0,403.0,1194655744.0,29597696.0,4285616128.0,15521214464.0,0.0,0.0,196608.0,21475966976.0,
0.125,0.125,99.750,0.0,0.0,0.0,0.0,65536.0,2401.0,1079.0,1195315200.0,29605888.0,4284305408.0,15521857536.0,0.0,0.0,196608.0,21475966976.0,
0.0,0.0,99.501,0.499,0.0,0.0,8429568.0,0.0,241.0,403.0,1195393024.0,29609984.0,4287377408.0,15518703616.0,0.0,0.0,196608.0,21475966976.0,
0.0,0.0,100.0,0.0,0.0,0.0,65536.0,0.0,305.0,403.0,1195073536.0,29609984.0,4286500864.0,15519899648.0,0.0,0.0,196608.0,21475966976.0,
0.125,0.0,99.875,0.0,0.0,0.0,4259840.0,0.0,673.0,937.0,1194954752.0,29622272.0,4287680512.0,15518826496.0,0.0,0.0,196608.0,21475966976.0,
0.0,0.125,99.875,0.0,0.0,0.0,0.0,0.0,2033.0,403.0,1195098112.0,29622272.0,4286521344.0,15519842304.0,0.0,0.0,196608.0,21475966976.0,
0.125,0.0,99.875,0.0,0.0,0.0,4194304.0,73728.0,305.0,403.0,1194745856.0,29638656.0,4287803392.0,15518896128.0,0.0,0.0,196608.0,21475966976.0,
0.0,0.0,100.0,0.0,0.0,0.0,0.0,0.0,673.0,937.0,1194774528.0,29638656.0,4286517248.0,15520153600.0,0.0,0.0,196608.0,21475966976.0,
0.125,0.0,99.875,0.0,0.0,0.0,0.0,0.0,2225.0,403.0,1194545152.0,29638656.0,4285730816.0,15521169408.0,0.0,0.0,196608.0,21475966976.0,
0.0,0.125,99.875,0.0,0.0,0.0,0.0,0.0,561.0,403.0,1195032576.0,29638656.0,4284473344.0,15521939456.0,0.0,0.0,196608.0,21475966976.0,
0.0,0.0,99.501,0.499,0.0,0.0,8429568.0,0.0,353.0,937.0,1195118592.0,29642752.0,4287545344.0,15518777344.0,0.0,0.0,196608.0,21475966976.0,
0.125,0.125,99.626,0.0,0.0,0.125,65536.0,57344.0,3057.0,481.0,1195012096.0,29650944.0,4286627840.0,15519793152.0,0.0,0.0,196608.0,21475966976.0,
0.0,0.0,100.0,0.0,0.0,0.0,4259840.0,0.0,369.0,403.0,1194893312.0,29663232.0,4287807488.0,15518720000.0,0.0,0.0,196608.0,21475966976.0,
0.0,0.125,99.875,0.0,0.0,0.0,0.0,0.0,2145.0,937.0,1195020288.0,29663232.0,4286656512.0,15519744000.0,0.0,0.0,196608.0,21475966976.0,
0.125,0.0,99.875,0.0,0.0,0.0,4194304.0,0.0,1147.0,505.0,1194795008.0,29663232.0,4287954944.0,15518670848.0,0.0,0.0,196608.0,21475966976.0,
0.0,0.0,100.0,0.0,0.0,0.0,0.0,0.0,1457.0,403.0,1194831872.0,29663232.0,4286652416.0,15519936512.0,0.0,0.0,196608.0,21475966976.0,
0.125,0.125,99.751,0.0,0.0,0.0,0.0,65536.0,609.0,937.0,1194729472.0,29679616.0,4285849600.0,15520825344.0,0.0,0.0,196608.0,21475966976.0,
0.0,0.0,100.0,0.0,0.0,0.0,0.0,0.0,177.0,403.0,1195094016.0,29679616.0,4284604416.0,15521705984.0,0.0,0.0,196608.0,21475966976.0,
0.125,0.125,99.751,0.0,0.0,0.0,8429568.0,0.0,305.0,403.0,1195241472.0,29683712.0,4287676416.0,15518482432.0,0.0,0.0,196608.0,21475966976.0,
0.0,0.0,100.0,0.0,0.0,0.0,65536.0,0.0,417.0,937.0,1194848256.0,29683712.0,4286799872.0,15519752192.0,0.0,0.0,196608.0,21475966976.0,
0.0,0.0,100.0,0.0,0.0,0.0,4259840.0,0.0,1713.0,403.0,1194790912.0,29696000.0,4287979520.0,15518617600.0,0.0,0.0,196608.0,21475966976.0,
0.125,0.125,99.751,0.0,0.0,0.0,0.0,0.0,497.0,481.0,1194926080.0,29696000.0,4286820352.0,15519641600.0,0.0,0.0,196608.0,21475966976.0,
0.0,0.0,99.875,0.125,0.0,0.0,4194304.0,114688.0,1697.0,937.0,1194999808.0,29704192.0,4287811584.0,15518568448.0,0.0,0.0,196608.0,21475966976.0,
0.125,0.0,99.875,0.0,0.0,0.0,0.0,0.0,241.0,403.0,1194971136.0,29704192.0,4286517248.0,15519891456.0,0.0,0.0,196608.0,21475966976.0,
0.0,0.125,99.875,0.0,0.0,0.0,0.0,0.0,625.0,403.0,1194442752.0,29704192.0,4286029824.0,15520907264.0,0.0,0.0,196608.0,21475966976.0,
0.125,0.0,99.875,0.0,0.0,0.0,0.0,0.0,425.0,1333.0,1195110400.0,29704192.0,4284727296.0,15521542144.0,0.0,0.0,196608.0,21475966976.0,
0.0,0.0,99.625,0.375,0.0,0.0,8429568.0,106496.0,1655.0,403.0,1195323392.0,29716480.0,4287791104.0,15518253056.0,0.0,0.0,196608.0,21475966976.0,
0.125,0.125,99.626,0.125,0.0,0.0,65536.0,65536.0,847.0,403.0,1195012096.0,29724672.0,4286898176.0,15519449088.0,0.0,0.0,196608.0,21475966976.0,
0.0,0.0,100.0,0.0,0.0,0.0,0.0,0.0,609.0,937.0,1194889216.0,29724672.0,4286898176.0,15519571968.0,0.0,0.0,196608.0,21475966976.0,
0.0,0.0,100.0,0.0,0.0,0.0,4259840.0,0.0,2301.0,403.0,1194938368.0,29736960.0,4287971328.0,15518437376.0,0.0,0.0,196608.0,21475966976.0,
0.125,0.0,99.875,0.0,0.0,0.0,0.0,0.0,433.0,403.0,1194717184.0,29736960.0,4287176704.0,15519453184.0,0.0,0.0,196608.0,21475966976.0,
0.0,0.125,99.875,0.0,0.0,0.0,4194304.0,65536.0,545.0,1015.0,1195102208.0,29745152.0,4287664128.0,15518572544.0,0.0,0.0,196608.0,21475966976.0,
0.125,0.0,99.875,0.0,0.0,0.0,0.0,122880.0,2161.0,403.0,1194586112.0,29753344.0,4287164416.0,15519580160.0,0.0,0.0,196608.0,21475966976.0,
0.0,0.0,100.0,0.0,0.0,0.0,0.0,0.0,1133.0,22683.0,1194848256.0,29753344.0,4285878272.0,15520604160.0,0.0,0.0,196608.0,21475966976.0,
0.125,0.125,99.626,0.0,0.0,0.125,0.0,0.0,2795.0,1039.0,1195110400.0,29753344.0,4284981248.0,15521239040.0,0.0,0.0,196608.0,21475966976.0,
0.0,0.0,98.496,1.504,0.0,0.0,8495104.0,0.0,945.0,403.0,1195094016.0,29757440.0,4288024576.0,15518208000.0,0.0,0.0,196608.0,21475966976.0,
0.125,0.0,99.875,0.0,0.0,0.0,0.0,49152.0,2042.0,403.0,1194872832.0,29765632.0,4287221760.0,15519223808.0,0.0,0.0,196608.0,21475966976.0,
0.623,0.249,99.002,0.125,0.0,0.0,4259840.0,0.0,609.0,937.0,1195126784.0,29777920.0,4288045056.0,15518134272.0,0.0,0.0,196608.0,21475966976.0,
0.0,0.125,99.875,0.0,0.0,0.0,0.0,0.0,585.0,2493.0,1194905600.0,29777920.0,4287250432.0,15519150080.0,0.0,0.0,196608.0,21475966976.0,
0.125,0.0,99.875,0.0,0.0,0.0,4194304.0,0.0,625.0,403.0,1195180032.0,29777920.0,4287741952.0,15518384128.0,0.0,0.0,196608.0,21475966976.0,
0.0,0.0,100.0,0.0,0.0,0.0,0.0,0.0,545.0,937.0,1194655744.0,29777920.0,4287250432.0,15519399936.0,0.0,0.0,196608.0,21475966976.0,
0.0,0.125,99.875,0.0,0.0,0.0,0.0,40960.0,1777.0,481.0,1194930176.0,29786112.0,4285943808.0,15520423936.0,0.0,0.0,196608.0,21475966976.0,
0.125,0.0,99.875,0.0,0.0,0.0,0.0,0.0,305.0,403.0,1195192320.0,29786112.0,4285046784.0,15521058816.0,0.0,0.0,196608.0,21475966976.0,
0.0,0.0,99.625,0.375,0.0,0.0,8495104.0,0.0,1791.0,6563.0,1194942464.0,29790208.0,4288131072.0,15518220288.0,0.0,0.0,196608.0,21475966976.0,
0.125,0.0,99.875,0.0,0.0,0.0,0.0,0.0,305.0,403.0,1194721280.0,29790208.0,4287336448.0,15519236096.0,0.0,0.0,196608.0,21475966976.0,
0.0,0.125,99.751,0.0,0.0,0.125,4259840.0,0.0,305.0,403.0,1194967040.0,29802496.0,4288151552.0,15518162944.0,0.0,0.0,196608.0,21475966976.0,
0.125,0.0,99.875,0.0,0.0,0.0,0.0,24576.0,481.0,937.0,1194864640.0,29810688.0,4287348736.0,15519059968.0,0.0,0.0,196608.0,21475966976.0,
0.0,0.125,99.750,0.125,0.0,0.0,4194304.0,49152.0,1393.0,403.0,1194893312.0,29818880.0,4288147456.0,15518224384.0,0.0,0.0,196608.0,21475966976.0,
0.125,0.0,99.875,0.0,0.0,0.0,0.0,0.0,777.0,2993.0,1194541056.0,29818880.0,4287356928.0,15519367168.0,0.0,0.0,196608.0,21475966976.0,
0.0,0.125,99.875,0.0,0.0,0.0,0.0,0.0,6067.0,5911.0,1194827776.0,29818880.0,4286054400.0,15520382976.0,0.0,0.0,196608.0,21475966976.0,
0.125,0.0,99.875,0.0,0.0,0.0,0.0,0.0,1521.0,403.0,1194962944.0,29818880.0,4285157376.0,15521144832.0,0.0,0.0,196608.0,21475966976.0,
0.0,0.125,99.125,0.750,0.0,0.0,8495104.0,49152.0,1265.0,481.0,1195122688.0,29831168.0,4288204800.0,15517925376.0,0.0,0.0,196608.0,21475966976.0,
0.125,0.0,99.875,0.0,0.0,0.0,0.0,0.0,737.0,937.0,1194901504.0,29831168.0,4287410176.0,15518941184.0,0.0,0.0,196608.0,21475966976.0,
0.0,0.0,100.0,0.0,0.0,0.0,4259840.0,0.0,4239.0,6529.0,1195065344.0,29843456.0,4288233472.0,15517941760.0,0.0,0.0,196608.0,21475966976.0,
0.0,0.125,99.875,0.0,0.0,0.0,0.0,90112.0,957.0,505.0,1194844160.0,29855744.0,4287426560.0,15518957568.0,0.0,0.0,196608.0,21475966976.0,
0.0,0.0,100.0,0.0,0.0,0.0,4194304.0,0.0,3041.0,937.0,1194741760.0,29855744.0,4288229376.0,15518257152.0,0.0,0.0,196608.0,21475966976.0,
0.125,0.0,99.875,0.0,0.0,0.0,0.0,40960.0,2417.0,403.0,1194643456.0,29863936.0,4287430656.0,15519145984.0,0.0,0.0,196608.0,21475966976.0,
0.0,0.125,99.875,0.0,0.0,0.0,0.0,65536.0,2191.0,403.0,1194778624.0,29863936.0,4286160896.0,15520280576.0,0.0,0.0,196608.0,21475966976.0,
0.125,0.0,99.875,0.0,0.0,0.0,0.0,0.0,1977.0,4027.0,1194913792.0,29863936.0,4285263872.0,15521042432.0,0.0,0.0,196608.0,21475966976.0,
0.0,0.0,99.374,0.626,0.0,0.0,8495104.0,212992.0,1021.0,403.0,1194967040.0,29880320.0,4288352256.0,15517884416.0,0.0,0.0,196608.0,21475966976.0,
0.0,0.125,99.875,0.0,0.0,0.0,0.0,0.0,433.0,403.0,1194741760.0,29880320.0,4287557632.0,15518904320.0,0.0,0.0,196608.0,21475966976.0,
0.125,0.0,99.750,0.125,0.0,0.0,4259840.0,90112.0,545.0,1015.0,1195106304.0,29900800.0,4288364544.0,15517712384.0,0.0,0.0,196608.0,21475966976.0,
0.0,0.0,100.0,0.0,0.0,0.0,0.0,131072.0,1841.0,403.0,1194758144.0,29900800.0,4287569920.0,15518855168.0,0.0,0.0,196608.0,21475966976.0,
0.125,0.125,99.626,0.0,0.0,0.125,4194304.0,0.0,783.0,7099.0,1194782720.0,29900800.0,4288372736.0,15518027776.0,0.0,0.0,196608.0,21475966976.0,
0.0,0.0,100.0,0.0,0.0,0.0,0.0,0.0,2529.0,937.0,1194557440.0,29900800.0,4287582208.0,15519043584.0,0.0,0.0,196608.0,21475966976.0,
0.0,0.0,100.0,0.0,0.0,0.0,0.0,0.0,177.0,403.0,1194844160.0,29900800.0,4286279680.0,15520059392.0,0.0,0.0,196608.0,21475966976.0,
0.125,0.125,99.751,0.0,0.0,0.0,0.0,65536.0,369.0,403.0,1194983424.0,29917184.0,4285366272.0,15520817152.0,0.0,0.0,196608.0,21475966976.0,
0.0,0.125,99.125,0.750,0.0,0.0,8495104.0,40960.0,545.0,937.0,1194864640.0,29921280.0,4288401408.0,15517896704.0,0.0,0.0,196608.0,21475966976.0,
0.125,0.0,99.875,0.0,0.0,0.0,0.0,0.0,2633.0,4127.0,1194729472.0,29921280.0,4287647744.0,15518785536.0,0.0,0.0,196608.0,21475966976.0,
0.0,0.0,99.875,0.125,0.0,0.0,4259840.0,0.0,497.0,403.0,1194745856.0,29933568.0,4288503808.0,15517900800.0,0.0,0.0,196608.0,21475966976.0,
0.125,0.0,99.875,0.0,0.0,0.0,0.0,0.0,489.0,1333.0,1194524672.0,29933568.0,4287709184.0,15518916608.0,0.0,0.0,196608.0,21475966976.0,
0.0,0.125,99.875,0.0,0.0,0.0,4194304.0,49152.0,1713.0,403.0,1194979328.0,29941760.0,4288192512.0,15517970432.0,0.0,0.0,196608.0,21475966976.0,
0.250,0.0,99.750,0.0,0.0,0.0,0.0,0.0,1009.0,467.0,1194450944.0,29941760.0,4287705088.0,15518986240.0,0.0,0.0,196608.0,21475966976.0,
0.0,0.125,99.751,0.0,0.125,0.0,0.0,0.0,831.0,8133.0,1194721280.0,29941760.0,4286410752.0,15520010240.0,0.0,0.0,196608.0,21475966976.0,
0.0,0.0,100.0,0.0,0.0,0.0,0.0,0.0,3867.0,633.0,1194975232.0,29941760.0,4285513728.0,15520653312.0,0.0,0.0,196608.0,21475966976.0,
0.125,0.0,99.126,0.749,0.0,0.0,8495104.0,0.0,369.0,403.0,1194782720.0,29945856.0,4288606208.0,15517749248.0,0.0,0.0,196608.0,21475966976.0,
0.0,0.125,99.875,0.0,0.0,0.0,0.0,90112.0,3681.0,1001.0,1194688512.0,29962240.0,4287795200.0,15518638080.0,0.0,0.0,196608.0,21475966976.0,
0.125,0.0,99.875,0.0,0.0,0.0,4259840.0,0.0,2417.0,467.0,1195311104.0,29974528.0,4288876544.0,15516921856.0,0.0,0.0,196608.0,21475966976.0,
0.0,0.0,100.0,0.0,0.0,0.0,0.0,0.0,1865.0,4563.0,1195339776.0,29974528.0,4287578112.0,15518191616.0,0.0,0.0,196608.0,21475966976.0,
0.125,0.125,99.751,0.0,0.0,0.0,4194304.0,0.0,1761.0,1001.0,1195286528.0,29974528.0,4288577536.0,15517245440.0,0.0,0.0,196608.0,21475966976.0,
0.0,0.0,100.0,0.0,0.0,0.0,0.0,0.0,369.0,403.0,1195147264.0,29974528.0,4287578112.0,15518384128.0,0.0,0.0,196608.0,21475966976.0,
0.0,0.125,99.750,0.0,0.0,0.125,0.0,40960.0,305.0,403.0,1194913792.0,29982720.0,4286779392.0,15519408128.0,0.0,0.0,196608.0,21475966976.0,
0.125,0.0,99.875,0.0,0.0,0.0,0.0,0.0,609.0,1015.0,1195941888.0,29982720.0,4285497344.0,15519662080.0,0.0,0.0,196608.0,21475966976.0,
0.0,0.0,99.875,0.125,0.0,0.0,8495104.0,0.0,2901.0,8233.0,1195696128.0,29986816.0,4288835584.0,15516565504.0,0.0,0.0,196608.0,21475966976.0,
0.0,0.0,100.0,0.0,0.0,0.0,0.0,0.0,625.0,403.0,1195208704.0,29986816.0,4287930368.0,15517958144.0,0.0,0.0,196608.0,21475966976.0,
0.125,0.125,99.751,0.0,0.0,0.0,4259840.0,0.0,2401.0,1001.0,1195515904.0,29999104.0,4288745472.0,15516823552.0,0.0,0.0,196608.0,21475966976.0,
0.0,0.0,100.0,0.0,0.0,0.0,0.0,24576.0,241.0,403.0,1195421696.0,30007296.0,4287942656.0,15517712384.0,0.0,0.0,196608.0,21475966976.0,
0.125,0.0,99.750,0.125,0.0,0.0,4194304.0,49152.0,847.0,403.0,1195642880.0,30015488.0,4288741376.0,15516684288.0,0.0,0.0,196608.0,21475966976.0,
0.0,0.0,100.0,0.0,0.0,0.0,0.0,0.0,1023.0,5667.0,1195290624.0,30015488.0,4287950848.0,15517827072.0,0.0,0.0,196608.0,21475966976.0,
0.0,0.125,99.875,0.0,0.0,0.0,0.0,0.0,2749.0,403.0,1195319296.0,30015488.0,4286656512.0,15519092736.0,0.0,0.0,196608.0,21475966976.0,
0.125,0.0,99.875,0.0,0.0,0.0,0.0,0.0,497.0,403.0,1195708416.0,30015488.0,4285759488.0,15519600640.0,0.0,0.0,196608.0,21475966976.0,
0.0,0.125,99.125,0.750,0.0,0.0,8429568.0,0.0,481.0,937.0,1195786240.0,30019584.0,4288770048.0,15516508160.0,0.0,0.0,196608.0,21475966976.0,
0.125,0.0,99.875,0.0,0.0,0.0,65536.0,204800.0,881.0,481.0,1195626496.0,30035968.0,4287959040.0,15517462528.0,0.0,0.0,196608.0,21475966976.0,
0.0,0.0,100.0,0.0,0.0,0.0,4259840.0,0.0,1929.0,4363.0,1195868160.0,30048256.0,4288761856.0,15516405760.0,0.0,0.0,196608.0,21475966976.0,
0.0,0.125,99.875,0.0,0.0,0.0,0.0,0.0,619.0,1039.0,1195458560.0,30048256.0,4288028672.0,15517548544.0,0.0,0.0,196608.0,21475966976.0,
0.125,0.0,99.875,0.0,0.0,0.0,4194304.0,0.0,2801.0,403.0,1195794432.0,30048256.0,4288520192.0,15516721152.0,0.0,0.0,196608.0,21475966976.0,
0.0,0.0,100.0,0.0,0.0,0.0,0.0,40960.0,433.0,403.0,1195270144.0,30056448.0,4288020480.0,15517736960.0,0.0,0.0,196608.0,21475966976.0,
0.624,0.250,99.001,0.0,0.0,0.125,0.0,114688.0,2273.0,937.0,1195552768.0,30064640.0,4286730240.0,15518736384.0,0.0,0.0,196608.0,21475966976.0,
0.125,0.0,99.875,0.0,0.0,0.0,0.0,0.0,1295.0,5633.0,1195814912.0,30064640.0,4285833216.0,15519371264.0,0.0,0.0,196608.0,21475966976.0,
0.0,0.125,98.752,1.124,0.0,0.0,8429568.0,0.0,1713.0,403.0,1195798528.0,30068736.0,4288876544.0,15516340224.0,0.0,0.0,196608.0,21475966976.0,
0.0,0.0,100.0,0.0,0.0,0.0,65536.0,0.0,481.0,937.0,1195323392.0,30068736.0,4288081920.0,15517609984.0,0.0,0.0,196608.0,21475966976.0,
0.125,0.125,99.750,0.0,0.0,0.0,4259840.0,0.0,241.0,403.0,1195708416.0,30081024.0,4288811008.0,15516483584.0,0.0,0.0,196608.0,21475966976.0,
0.0,0.0,100.0,0.0,0.0,0.0,0.0,98304.0,305.0,481.0,1195368448.0,30089216.0,4288126976.0,15517499392.0,0.0,0.0,196608.0,21475966976.0,
0.125,0.0,99.875,0.0,0.0,0.0,4194304.0,0.0,761.0,5397.0,1195827200.0,30089216.0,4288626688.0,15516540928.0,0.0,0.0,196608.0,21475966976.0,
0.0,0.0,100.0,0.0,0.0,0.0,0.0,0.0,1777.0,403.0,1195130880.0,30089216.0,4288135168.0,15517728768.0,0.0,0.0,196608.0,21475966976.0,
0.0,0.125,99.875,0.0,0.0,0.0,0.0,0.0,305.0,403.0,1195413504.0,30089216.0,4286836736.0,15518744576.0,0.0,0.0,196608.0,21475966976.0,
0.125,0.0,99.875,0.0,0.0,0.0,0.0,65536.0,1569.0,937.0,1195802624.0,30105600.0,4285923328.0,15519252480.0,0.0,0.0,196608.0,21475966976.0,
0.0,0.0,99.375,0.625,0.0,0.0,8429568.0,0.0,241.0,403.0,1195618304.0,30109696.0,4288954368.0,15516401664.0,0.0,0.0,196608.0,21475966976.0,
0.125,0.125,99.751,0.0,0.0,0.0,65536.0,0.0,1113.0,6315.0,1195331584.0,30109696.0,4288163840.0,15517478912.0,0.0,0.0,196608.0,21475966976.0,
0.0,0.0,99.875,0.0,0.0,0.125,4259840.0,0.0,481.0,937.0,1195536384.0,30121984.0,4288892928.0,15516532736.0,0.0,0.0,196608.0,21475966976.0,
0.0,0.0,100.0,0.0,0.0,0.0,0.0,0.0,1521.0,403.0,1195188224.0,30121984.0,4288217088.0,15517556736.0,0.0,0.0,196608.0,21475966976.0,
0.125,0.125,99.750,0.0,0.0,0.0,4194304.0,49152.0,369.0,403.0,1195343872.0,30130176.0,4288999424.0,15516610560.0,0.0,0.0,196608.0,21475966976.0,
0.0,0.0,100.0,0.0,0.0,0.0,0.0,0.0,737.0,1015.0,1195118592.0,30130176.0,4288208896.0,15517626368.0,0.0,0.0,196608.0,21475966976.0,
0.125,0.0,99.875,0.0,0.0,0.0,0.0,0.0,561.0,403.0,1195257856.0,30130176.0,4286918656.0,15518777344.0,0.0,0.0,196608.0,21475966976.0,
0.0,0.125,99.875,0.0,0.0,0.0,0.0,0.0,2188.0,505.0,1195945984.0,30130176.0,4285722624.0,15519285248.0,0.0,0.0,196608.0,21475966976.0,
0.0,0.0,99.250,0.750,0.0,0.0,8429568.0,0.0,425.0,1333.0,1195618304.0,30134272.0,4289073152.0,15516258304.0,0.0,0.0,196608.0,21475966976.0,
0.125,0.0,99.875,0.0,0.0,0.0,73728.0,73728.0,2545.0,403.0,1195524096.0,30154752.0,4288258048.0,15517147136.0,0.0,0.0,196608.0,21475966976.0,
0.0,0.125,99.875,0.0,0.0,0.0,4259840.0,0.0,847.0,403.0,1195749376.0,30167040.0,4289032192.0,15516135424.0,0.0,0.0,196608.0,21475966976.0,
0.125,0.0,99.875,0.0,0.0,0.0,0.0,0.0,2849.0,937.0,1195155456.0,30167040.0,4288356352.0,15517405184.0,0.0,0.0,196608.0,21475966976.0,
0.0,0.0,100.0,0.0,0.0,0.0,4194304.0,0.0,1853.0,403.0,1195487232.0,30167040.0,4288851968.0,15516577792.0,0.0,0.0,196608.0,21475966976.0,
0.125,0.0,99.875,0.0,0.0,0.0,0.0,0.0,1521.0,403.0,1194962944.0,30167040.0,4288360448.0,15517593600.0,0.0,0.0,196608.0,21475966976.0,
0.0,0.125,99.875,0.0,0.0,0.0,0.0,73728.0,481.0,937.0,1195368448.0,30175232.0,4287049728.0,15518490624.0,0.0,0.0,196608.0,21475966976.0,
0.0,0.0,100.0,0.0,0.0,0.0,0.0,131072.0,241.0,481.0,1195626496.0,30183424.0,4286148608.0,15519125504.0,0.0,0.0,196608.0,21475966976.0,
0.125,0.125,99.252,0.499,0.0,0.0,8429568.0,0.0,369.0,403.0,1195417600.0,30187520.0,4289191936.0,15516286976.0,0.0,0.0,196608.0,21475966976.0,
0.0,0.0,100.0,0.0,0.0,0.0,65536.0,0.0,673.0,937.0,1195257856.0,30187520.0,4288397312.0,15517241344.0,0.0,0.0,196608.0,21475966976.0,
0.0,0.0,100.0,0.0,0.0,0.0,4259840.0,0.0,1713.0,403.0,1195589632.0,30199808.0,4289126400.0,15516168192.0,0.0,0.0,196608.0,21475966976.0,
0.125,0.0,99.750,0.0,0.125,0.0,0.0,0.0,305.0,403.0,1195122688.0,30199808.0,4288450560.0,15517310976.0,0.0,0.0,196608.0,21475966976.0,
0.125,0.125,99.751,0.0,0.0,0.0,4194304.0,114688.0,1697.0,937.0,1195462656.0,30208000.0,4288942080.0,15516471296.0,0.0,0.0,196608.0,21475966976.0,
0.0,0.0,100.0,0.0,0.0,0.0,0.0,0.0,305.0,403.0,1194938368.0,30208000.0,4288450560.0,15517487104.0,0.0,0.0,196608.0,21475966976.0,
0.125,0.0,99.875,0.0,0.0,0.0,0.0,0.0,497.0,403.0,1195225088.0,30208000.0,4287148032.0,15518502912.0,0.0,0.0,196608.0,21475966976.0,
0.0,0.125,99.875,0.0,0.0,0.0,0.0,0.0,417.0,937.0,1195487232.0,30208000.0,4286251008.0,15519137792.0,0.0,0.0,196608.0,21475966976.0,
0.0,0.0,99.500,0.500,0.0,0.0,8429568.0,0.0,1393.0,403.0,1195397120.0,30212096.0,4289310720.0,15516164096.0,0.0,0.0,196608.0,21475966976.0,
0.125,0.125,99.750,0.0,0.0,0.0,65536.0,221184.0,497.0,481.0,1195298816.0,30228480.0,4288503808.0,15517052928.0,0.0,0.0,196608.0,21475966976.0,
0.0,0.0,100.0,0.0,0.0,0.0,4259840.0,0.0,481.0,937.0,1195540480.0,30240768.0,4289249280.0,15516053504.0,0.0,0.0,196608.0,21475966976.0,
0.125,0.0,99.875,0.0,0.0,0.0,0.0,0.0,1531.0,505.0,1195200512.0,30240768.0,4288573440.0,15517069312.0,0.0,0.0,196608.0,21475966976.0,
0.0,0.125,99.875,0.0,0.0,0.0,4194304.0,0.0,1073.0,403.0,1195241472.0,30240768.0,4289363968.0,15516237824.0,0.0,0.0,196608.0,21475966976.0,
0.0,0.0,99.875,0.0,0.0,0.125,0.0,40960.0,1277.0,937.0,1195143168.0,30248960.0,4288565248.0,15517126656.0,0.0,0.0,196608.0,21475966976.0,
0.125,0.125,99.751,0.0,0.0,0.0,0.0,40960.0,3825.0,403.0,1195311104.0,30248960.0,4287270912.0,15518253056.0,0.0,0.0,196608.0,21475966976.0,
0.0,0.0,100.0,0.0,0.0,0.0,0.0,0.0,993.0,16075.0,1195446272.0,30248960.0,4286373888.0,15519014912.0,0.0,0.0,196608.0,21475966976.0,
0.125,0.0,99.875,0.0,0.0,0.0,8429568.0,0.0,3361.0,937.0,1195376640.0,30253056.0,4289409024.0,15516045312.0,0.0,0.0,196608.0,21475966976.0,
0.0,0.125,99.875,0.0,0.0,0.0,65536.0,0.0,2604.0,943.0,1195216896.0,30253056.0,4288614400.0,15516999680.0,0.0,0.0,196608.0,21475966976.0,
0.125,0.0,99.875,0.0,0.0,0.0,4259840.0,49152.0,1713.0,403.0,1195352064.0,30273536.0,4289396736.0,15516061696.0,0.0,0.0,196608.0,21475966976.0,
0.0,0.0,100.0,0.0,0.0,0.0,0.0,0.0,1889.0,1015.0,1195073536.0,30273536.0,4288659456.0,15517077504.0,0.0,0.0,196608.0,21475966976.0,
0.0,0.0,100.0,0.0,0.0,0.0,0.0,0.0,591.0,6763.0,1195139072.0,30273536.0,4288417792.0,15517253632.0,0.0,0.0,196608.0,21475966976.0,
0.125,0.125,99.751,0.0,0.0,0.0,4194304.0,24576.0,625.0,403.0,1195036672.0,30281728.0,4289712128.0,15516053504.0,0.0,0.0,196608.0,21475966976.0,
0.0,0.0,100.0,0.0,0.0,0.0,0.0,0.0,417.0,937.0,1195192320.0,30281728.0,4288417792.0,15517192192.0,0.0,0.0,196608.0,21475966976.0,
0.0,0.0,99.875,0.125,0.0,0.0,0.0,40960.0,1841.0,403.0,1194971136.0,30289920.0,4287614976.0,15518208000.0,0.0,0.0,196608.0,21475966976.0,
0.125,0.125,99.626,0.0,0.0,0.125,0.0,0.0,911.0,403.0,1195384832.0,30289920.0,4286320640.0,15519088640.0,0.0,0.0,196608.0,21475966976.0,
0.0,0.0,99.625,0.375,0.0,0.0,8495104.0,0.0,2809.0,4261.0,1195192320.0,30294016.0,4289789952.0,15515807744.0,0.0,0.0,196608.0,21475966976.0,
0.125,0.0,99.875,0.0,0.0,0.0,0.0,0.0,1021.0,403.0,1195495424.0,30294016.0,4288471040.0,15516823552.0,0.0,0.0,196608.0,21475966976.0,
0.0,0.125,99.875,0.0,0.0,0.0,4259840.0,0.0,433.0,403.0,1195438080.0,30306304.0,4289650688.0,15515688960.0,0.0,0.0,196608.0,21475966976.0,
0.125,0.0,99.750,0.125,0.0,0.0,0.0,0.0,545.0,937.0,1195397120.0,30306304.0,4288491520.0,15516889088.0,0.0,0.0,196608.0,21475966976.0,
0.0,0.125,99.875,0.0,0.0,0.0,4194304.0,106496.0,2353.0,545.0,1195237376.0,30322688.0,4289777664.0,15515746304.0,0.0,0.0,196608.0,21475966976.0,
0.0,0.0,100.0,0.0,0.0,0.0,0.0,0.0,719.0,7263.0,1195495424.0,30322688.0,4288495616.0,15516770304.0,0.0,0.0,196608.0,21475966976.0,
0.125,0.0,99.875,0.0,0.0,0.0,0.0,0.0,555.0,1039.0,1195274240.0,30322688.0,4287700992.0,15517786112.0,0.0,0.0,196608.0,21475966976.0,
0.0,0.125,99.875,0.0,0.0,0.0,0.0,0.0,753.0,403.0,1195393024.0,30322688.0,4286439424.0,15518928896.0,0.0,0.0,196608.0,21475966976.0,
0.0,0.0,99.374,0.626,0.0,0.0,8495104.0,49152.0,2097.0,467.0,1195327488.0,30334976.0,4289900544.0,15515521024.0,0.0,0.0,196608.0,21475966976.0,
0.748,0.249,99.002,0.0,0.0,0.0,0.0,0.0,673.0,937.0,1195593728.0,30334976.0,4288618496.0,15516536832.0,0.0,0.0,196608.0,21475966976.0,
0.0,0.0,100.0,0.0,0.0,0.0,4259840.0,0.0,4105.0,4355.0,1195347968.0,30347264.0,4289798144.0,15515590656.0,0.0,0.0,196608.0,21475966976.0,
0.125,0.125,99.750,0.0,0.0,0.0,0.0,0.0,497.0,403.0,1195311104.0,30347264.0,4288638976.0,15516786688.0,0.0,0.0,196608.0,21475966976.0,
0.0,0.0,100.0,0.0,0.0,0.0,4194304.0,0.0,3113.0,1333.0,1195077632.0,30347264.0,4289945600.0,15515713536.0,0.0,0.0,196608.0,21475966976.0,
0.0,0.125,99.875,0.0,0.0,0.0,0.0,40960.0,2993.0,531.0,1195356160.0,30355456.0,4288634880.0,15516737536.0,0.0,0.0,196608.0,21475966976.0,
0.125,0.0,99.875,0.0,0.0,0.0,0.0,65536.0,369.0,481.0,1195016192.0,30355456.0,4287840256.0,15517872128.0,0.0,0.0,196608.0,21475966976.0,
0.0,0.125,99.875,0.0,0.0,0.0,0.0,0.0,3519.0,8361.0,1195294720.0,30355456.0,4286545920.0,15518887936.0,0.0,0.0,196608.0,21475966976.0,
0.0,0.0,99.250,0.750,0.0,0.0,8495104.0,0.0,241.0,403.0,1195229184.0,30359552.0,4290015232.0,15515480064.0,0.0,0.0,196608.0,21475966976.0,
0.125,0.0,99.875,0.0,0.0,0.0,0.0,0.0,433.0,403.0,1195528192.0,30359552.0,4288700416.0,15516495872.0,0.0,0.0,196608.0,21475966976.0,
0.0,0.125,99.751,0.0,0.0,0.125,4259840.0,155648.0,545.0,937.0,1195208704.0,30388224.0,4289863680.0,15515623424.0,0.0,0.0,196608.0,21475966976.0,
0.125,0.0,99.875,0.0,0.0,0.0,0.0,32768.0,2545.0,467.0,1195171840.0,30388224.0,4288720896.0,15516803072.0,0.0,0.0,196608.0,21475966976.0,
0.0,0.125,99.875,0.0,0.0,0.0,4194304.0,0.0,777.0,4727.0,1194942464.0,30388224.0,4290023424.0,15515729920.0,0.0,0.0,196608.0,21475966976.0,
0.0,0.0,100.0,0.0,0.0,0.0,0.0,0.0,8362.0,5975.0,1195225088.0,30388224.0,4288724992.0,15516745728.0,0.0,0.0,196608.0,21475966976.0,
0.125,0.0,99.875,0.0,0.0,0.0,0.0,0.0,177.0,403.0,1195003904.0,30388224.0,4287930368.0,15517761536.0,0.0,0.0,196608.0,21475966976.0,
0.0,0.125,99.875,0.0,0.0,0.0,0.0,40960.0,369.0,403.0,1195290624.0,30396416.0,4286619648.0,15518777344.0,0.0,0.0,196608.0,21475966976.0,
0.125,0.0,99.750,0.125,0.0,0.0,8495104.0,32768.0,737.0,1015.0,1195233280.0,30400512.0,4290088960.0,15515361280.0,0.0,0.0,196608.0,21475966976.0,
0.0,0.0,100.0,0.0,0.0,0.0,0.0,0.0,2453.0,8333.0,1195474944.0,30400512.0,4288815104.0,15516393472.0,0.0,0.0,196608.0,21475966976.0,
0.125,0.125,99.751,0.0,0.0,0.0,4259840.0,90112.0,635.0,505.0,1195671552.0,30425088.0,4289982464.0,15515004928.0,0.0,0.0,196608.0,21475966976.0,
0.0,0.0,100.0,0.0,0.0,0.0,0.0,0.0,417.0,937.0,1195253760.0,30425088.0,4288835584.0,15516569600.0,0.0,0.0,196608.0,21475966976.0,
0.125,0.125,99.750,0.0,0.0,0.0,4194304.0,49152.0,305.0,403.0,1195155456.0,30433280.0,4290134016.0,15515361280.0,0.0,0.0,196608.0,21475966976.0,
0.0,0.0,100.0,0.0,0.0,0.0,0.0,0.0,2767.0,403.0,1195409408.0,30433280.0,4288864256.0,15516377088.0,0.0,0.0,196608.0,21475966976.0,
1.873,0.250,96.380,1.498,0.0,0.0,401408.0,778240.0,5779.0,7955.0,1195319296.0,30494720.0,4288012288.0,15517257728.0,0.0,0.0,196608.0,21475966976.0,
0.0,0.0,100.0,0.0,0.0,0.0,0.0,0.0,2801.0,403.0,1195143168.0,30494720.0,4286922752.0,15518523392.0,0.0,0.0,196608.0,21475966976.0,
0.0,0.125,99.374,0.501,0.0,0.0,8495104.0,0.0,1277.0,403.0,1194934272.0,30498816.0,4290408448.0,15515242496.0,0.0,0.0,196608.0,21475966976.0,
0.125,0.0,99.875,0.0,0.0,0.0,0.0,81920.0,2145.0,937.0,1195225088.0,30507008.0,4289093632.0,15516258304.0,0.0,0.0,196608.0,21475966976.0,
0.0,0.0,100.0,0.0,0.0,0.0,4259840.0,0.0,945.0,481.0,1195106304.0,30519296.0,4290273280.0,15515185152.0,0.0,0.0,196608.0,21475966976.0,
0.125,0.0,99.875,0.0,0.0,0.0,0.0,114688.0,649.0,4527.0,1194983424.0,30527488.0,4289118208.0,15516454912.0,0.0,0.0,196608.0,21475966976.0,
0.0,0.125,99.751,0.0,0.0,0.125,4194304.0,0.0,1505.0,937.0,1194635264.0,30527488.0,4290428928.0,15515492352.0,0.0,0.0,196608.0,21475966976.0,
0.125,0.0,99.875,0.0,0.0,0.0,0.0,0.0,305.0,403.0,1194778624.0,30527488.0,4289126400.0,15516651520.0,0.0,0.0,196608.0,21475966976.0,
0.0,0.125,99.875,0.0,0.0,0.0,0.0,40960.0,305.0,403.0,1194565632.0,30535680.0,4288323584.0,15517659136.0,0.0,0.0,196608.0,21475966976.0,
0.0,0.0,100.0,0.0,0.0,0.0,0.0,0.0,545.0,937.0,1194680320.0,30535680.0,4287070208.0,15518797824.0,0.0,0.0,196608.0,21475966976.0,
0.125,0.0,99.376,0.499,0.0,0.0,8495104.0,0.0,1935.0,5797.0,1194614784.0,30539776.0,4290539520.0,15515389952.0,0.0,0.0,196608.0,21475966976.0,
0.0,0.125,99.875,0.0,0.0,0.0,0.0,0.0,433.0,403.0,1194864640.0,30539776.0,4289265664.0,15516413952.0,0.0,0.0,196608.0,21475966976.0,
0.0,0.0,100.0,0.0,0.0,0.0,4259840.0,0.0,1377.0,937.0,1194680320.0,30552064.0,4290445312.0,15515406336.0,0.0,0.0,196608.0,21475966976.0,
0.125,0.0,99.875,0.0,0.0,0.0,0.0,49152.0,241.0,403.0,1194729472.0,30560256.0,4289277952.0,15516516352.0,0.0,0.0,196608.0,21475966976.0,
0.0,0.125,99.875,0.0,0.0,0.0,4194304.0,0.0,433.0,481.0,1194500096.0,30560256.0,4290580480.0,15515443200.0,0.0,0.0,196608.0,21475966976.0,
0.125,0.0,99.875,0.0,0.0,0.0,0.0,0.0,889.0,5561.0,1194766336.0,30560256.0,4289290240.0,15516467200.0,0.0,0.0,196608.0,21475966976.0,
0.0,0.0,100.0,0.0,0.0,0.0,0.0,0.0,1403.0,505.0,1194545152.0,30560256.0,4288495616.0,15517483008.0,0.0,0.0,196608.0,21475966976.0,
0.125,0.125,99.751,0.0,0.0,0.0,0.0,0.0,369.0,403.0,1194668032.0,30560256.0,4287234048.0,15518621696.0,0.0,0.0,196608.0,21475966976.0,
0.0,0.0,99.625,0.375,0.0,0.0,8495104.0,81920.0,737.0,937.0,1195032576.0,30580736.0,4290396160.0,15515074560.0,0.0,0.0,196608.0,21475966976.0,
0.125,0.0,99.875,0.0,0.0,0.0,0.0,81920.0,177.0,403.0,1195008000.0,30580736.0,4289404928.0,15516090368.0,0.0,0.0,196608.0,21475966976.0,
0.0,0.125,99.875,0.0,0.0,0.0,4259840.0,0.0,1795.0,1991.0,1195159552.0,30593024.0,4290187264.0,15515144192.0,0.0,0.0,196608.0,21475966976.0,
0.0,0.0,99.875,0.0,0.125,0.0,0.0,0.0,417.0,937.0,1194655744.0,30593024.0,4289425408.0,15516409856.0,0.0,0.0,196608.0,21475966976.0,
0.125,0.0,99.875,0.0,0.0,0.0,4194304.0,0.0,2161.0,403.0,1194729472.0,30593024.0,4290424832.0,15515336704.0,0.0,0.0,196608.0,21475966976.0,
0.0,0.125,99.750,0.125,0.0,0.0,0.0,40960.0,305.0,403.0,1195008000.0,30601216.0,4289114112.0,15516360704.0,0.0,0.0,196608.0,21475966976.0,
0.0,0.0,100.0,0.0,0.0,0.0,0.0,131072.0,2849.0,1015.0,1194364928.0,30609408.0,4288614400.0,15517495296.0,0.0,0.0,196608.0,21475966976.0,
0.125,0.0,99.875,0.0,0.0,0.0,0.0,0.0,1359.0,5597.0,1194635264.0,30609408.0,4287332352.0,15518507008.0,0.0,0.0,196608.0,21475966976.0,
0.0,0.125,99.375,0.500,0.0,0.0,8429568.0,0.0,817.0,403.0,1194971136.0,30613504.0,4290404352.0,15515095040.0,0.0,0.0,196608.0,21475966976.0,
0.0,0.0,99.750,0.0,0.0,0.250,65536.0,0.0,1321.0,1333.0,1194921984.0,30613504.0,4289437696.0,15516110848.0,0.0,0.0,196608.0,21475966976.0,
0.125,0.125,99.751,0.0,0.0,0.0,4259840.0,49152.0,241.0,403.0,1194958848.0,30633984.0,4290650112.0,15514841088.0,0.0,0.0,196608.0,21475966976.0,
0.0,0.125,99.875,0.0,0.0,0.0,0.0,704512.0,847.0,403.0,1194717184.0,30633984.0,4289499136.0,15516233728.0,0.0,0.0,196608.0,21475966976.0,
0.0,0.0,100.0,0.0,0.0,0.0,4194304.0,0.0,1017.0,3095.0,1194852352.0,30633984.0,4290498560.0,15515099136.0,0.0,0.0,196608.0,21475966976.0,
0.125,0.0,98.252,1.623,0.0,0.0,172032.0,57344.0,6957.0,7763.0,1195311104.0,30740480.0,4289179648.0,15515852800.0,0.0,0.0,196608.0,21475966976.0,
0.0,0.125,99.875,0.0,0.0,0.0,0.0,0.0,1213.0,403.0,1194774528.0,30740480.0,4288700416.0,15516868608.0,0.0,0.0,196608.0,21475966976.0,
0.125,0.0,99.875,0.0,0.0,0.0,0.0,106496.0,1569.0,937.0,1195057152.0,30748672.0,4287397888.0,15517880320.0,0.0,0.0,196608.0,21475966976.0,
0.125,0.0,99.125,0.750,0.0,0.0,8429568.0,0.0,305.0,481.0,1195204608.0,30752768.0,4290469888.0,15514656768.0,0.0,0.0,196608.0,21475966976.0,
0.0,0.125,99.875,0.0,0.0,0.0,65536.0,0.0,649.0,3719.0,1195003904.0,30752768.0,4289589248.0,15515738112.0,0.0,0.0,196608.0,21475966976.0,
0.0,0.0,99.875,0.0,0.0,0.125,4259840.0,0.0,491.0,1039.0,1194876928.0,30765056.0,4290768896.0,15514673152.0,0.0,0.0,196608.0,21475966976.0,
0.0,0.0,100.0,0.0,0.0,0.0,0.0,0.0,1397.0,403.0,1194770432.0,30765056.0,4289609728.0,15515938816.0,0.0,0.0,196608.0,21475966976.0,
0.499,0.374,99.127,0.0,0.0,0.0,4194304.0,73728.0,433.0,403.0,1194721280.0,30781440.0,4290592768.0,15514988544.0,0.0,0.0,196608.0,21475966976.0,
0.250,0.0,99.750,0.0,0.0,0.0,0.0,0.0,1019.0,937.0,1194991616.0,30781440.0,4289306624.0,15516004352.0,0.0,0.0,196608.0,21475966976.0,
0.0,0.125,99.875,0.0,0.0,0.0,0.0,0.0,1521.0,403.0,1194340352.0,30781440.0,4288815104.0,15517147136.0,0.0,0.0,196608.0,21475966976.0,
0.0,0.0,100.0,0.0,0.0,0.0,0.0,0.0,1201.0,403.0,1194631168.0,30781440.0,4287512576.0,15518158848.0,0.0,0.0,196608.0,21475966976.0,
0.125,0.125,99.004,0.747,0.0,0.0,8429568.0,0.0,891.0,937.0,1194835968.0,30785536.0,4290584576.0,15514877952.0,0.0,0.0,196608.0,21475966976.0,
0.0,0.0,100.0,0.0,0.0,0.0,65536.0,49152.0,3441.0,403.0,1194856448.0,30793728.0,4289658880.0,15515774976.0,0.0,0.0,196608.0,21475966976.0,
0.125,0.0,99.875,0.0,0.0,0.0,4259840.0,0.0,305.0,481.0,1194795008.0,30806016.0,4290842624.0,15514640384.0,0.0,0.0,196608.0,21475966976.0,
0.0,0.125,99.875,0.0,0.0,0.0,0.0,0.0,2849.0,937.0,1194680320.0,30806016.0,4289691648.0,15515906048.0,0.0,0.0,196608.0,21475966976.0,
0.0,0.0,100.0,0.0,0.0,0.0,4194304.0,0.0,2609.0,403.0,1194627072.0,30806016.0,4290691072.0,15514959872.0,0.0,0.0,196608.0,21475966976.0,
0.125,0.125,99.626,0.0,0.0,0.125,0.0,0.0,1649.0,403.0,1194905600.0,30806016.0,4289388544.0,15515983872.0,0.0,0.0,196608.0,21475966976.0,
0.0,0.0,100.0,0.0,0.0,0.0,0.0,65536.0,1825.0,937.0,1194389504.0,30822400.0,4288880640.0,15516991488.0,0.0,0.0,196608.0,21475966976.0,
0.0,0.0,100.0,0.0,0.0,0.0,0.0,0.0,241.0,403.0,1194536960.0,30822400.0,4287594496.0,15518130176.0,0.0,0.0,196608.0,21475966976.0,
0.125,0.125,99.251,0.499,0.0,0.0,8429568.0,0.0,497.0,403.0,1194934272.0,30826496.0,4290666496.0,15514656768.0,0.0,0.0,196608.0,21475966976.0,
0.0,0.0,100.0,0.0,0.0,0.0,65536.0,0.0,481.0,937.0,1194737664.0,30826496.0,4289781760.0,15515738112.0,0.0,0.0,196608.0,21475966976.0,
0.125,0.0,99.875,0.0,0.0,0.0,4259840.0,0.0,1969.0,403.0,1194618880.0,30838784.0,4290961408.0,15514664960.0,0.0,0.0,196608.0,21475966976.0,
0.0,0.125,99.875,0.0,0.0,0.0,0.0,0.0,369.0,403.0,1194635264.0,30838784.0,4289802240.0,15515807744.0,0.0,0.0,196608.0,21475966976.0,
0.125,0.0,99.751,0.125,0.0,0.0,4194304.0,131072.0,2721.0,1015.0,1194532864.0,30846976.0,4291096576.0,15514607616.0,0.0,0.0,196608.0,21475966976.0,
0.0,0.125,99.875,0.0,0.0,0.0,0.0,0.0,241.0,403.0,1194676224.0,30846976.0,4289802240.0,15515758592.0,0.0,0.0,196608.0,21475966976.0,
0.0,0.0,100.0,0.0,0.0,0.0,0.0,0.0,635.0,505.0,1194450944.0,30846976.0,4289011712.0,15516774400.0,0.0,0.0,196608.0,21475966976.0,
0.125,0.0,99.875,0.0,0.0,0.0,0.0,0.0,417.0,937.0,1194487808.0,30846976.0,4287709184.0,15518040064.0,0.0,0.0,196608.0,21475966976.0,
0.125,0.125,99.002,0.748,0.0,0.0,8429568.0,106496.0,2417.0,467.0,1194618880.0,30859264.0,4291170304.0,15514435584.0,0.0,0.0,196608.0,21475966976.0,
0.0,0.0,100.0,0.0,0.0,0.0,65536.0,65536.0,911.0,403.0,1194868736.0,30867456.0,4289896448.0,15515451392.0,0.0,0.0,196608.0,21475966976.0,
0.0,0.0,99.875,0.125,0.0,0.0,4259840.0,0.0,481.0,937.0,1194622976.0,30879744.0,4291076096.0,15514505216.0,0.0,0.0,196608.0,21475966976.0,
0.125,0.125,99.751,0.0,0.0,0.0,0.0,0.0,305.0,403.0,1194516480.0,30879744.0,4289916928.0,15515770880.0,0.0,0.0,196608.0,21475966976.0,
0.0,0.0,100.0,0.0,0.0,0.0,4194304.0,0.0,3517.0,467.0,1194586112.0,30879744.0,4290920448.0,15514697728.0,0.0,0.0,196608.0,21475966976.0,
0.125,0.0,99.875,0.0,0.0,0.0,0.0,204800.0,728.0,937.0,1194860544.0,30896128.0,4289605632.0,15515721728.0,0.0,0.0,196608.0,21475966976.0,
0.0,0.125,99.875,0.0,0.0,0.0,0.0,188416.0,3889.0,609.0,1194217472.0,30896128.0,4289114112.0,15516856320.0,0.0,0.0,196608.0,21475966976.0,
0.125,0.0,99.875,0.0,0.0,0.0,0.0,0.0,929.0,16279.0,1194491904.0,30896128.0,4287827968.0,15517868032.0,0.0,0.0,196608.0,21475966976.0,
0.0,0.0,99.377,0.499,0.0,0.125,8429568.0,0.0,3169.0,1001.0,1194426368.0,30900224.0,4291297280.0,15514460160.0,0.0,0.0,196608.0,21475966976.0,
0.125,0.0,99.875,0.0,0.0,0.0,65536.0,0.0,2737.0,467.0,1194684416.0,30900224.0,4290023424.0,15515475968.0,0.0,0.0,196608.0,21475966976.0,
0.0,0.125,99.750,0.125,0.0,0.0,4259840.0,49152.0,433.0,403.0,1195032576.0,30920704.0,4290797568.0,15514333184.0,0.0,0.0,196608.0,21475966976.0,
0.125,0.0,99.875,0.0,0.0,0.0,0.0,0.0,2913.0,1001.0,1194528768.0,30920704.0,4290043904.0,15515590656.0,0.0,0.0,196608.0,21475966976.0,
0.0,0.0,100.0,0.0,0.0,0.0,4194304.0,0.0,713.0,4631.0,1194602496.0,30920704.0,4291043328.0,15514517504.0,0.0,0.0,196608.0,21475966976.0,
0.125,0.125,99.750,0.0,0.0,0.0,0.0,0.0,497.0,403.0,1194885120.0,30920704.0,4289744896.0,15515533312.0,0.0,0.0,196608.0,21475966976.0,
0.0,0.0,100.0,0.0,0.0,0.0,0.0,0.0,425.0,1333.0,1194352640.0,30920704.0,4289253376.0,15516557312.0,0.0,0.0,196608.0,21475966976.0,
0.125,0.0,99.875,0.0,0.0,0.0,0.0,40960.0,2225.0,467.0,1194770432.0,30928896.0,4287942656.0,15517442048.0,0.0,0.0,196608.0,21475966976.0,
0.0,0.125,99.875,0.0,0.0,0.0,8495104.0,0.0,497.0,481.0,1194582016.0,30932992.0,4291411968.0,15514157056.0,0.0,0.0,196608.0,21475966976.0,
0.0,0.0,100.0,0.0,0.0,0.0,0.0,0.0,2757.0,8835.0,1194848256.0,30932992.0,4290121728.0,15515181056.0,0.0,0.0,196608.0,21475966976.0,
0.125,0.125,99.751,0.0,0.0,0.0,4259840.0,0.0,251.0,505.0,1194729472.0,30945280.0,4291301376.0,15514107904.0,0.0,0.0,196608.0,21475966976.0,
0.0,0.0,100.0,0.0,0.0,0.0,0.0,0.0,433.0,403.0,1194496000.0,30945280.0,4290142208.0,15515500544.0,0.0,0.0,196608.0,21475966976.0,
0.125,0.125,99.751,0.0,0.0,0.0,4194304.0,73728.0,673.0,937.0,1194704896.0,30961664.0,4291125248.0,15514292224.0,0.0,0.0,196608.0,21475966976.0,
0.0,0.0,100.0,0.0,0.0,0.0,0.0,0.0,1905.0,403.0,1194717184.0,30961664.0,4290097152.0,15515308032.0,0.0,0.0,196608.0,21475966976.0,
0.125,0.0,99.875,0.0,0.0,0.0,0.0,0.0,719.0,5201.0,1194590208.0,30961664.0,4289208320.0,15516323840.0,0.0,0.0,196608.0,21475966976.0,
0.0,0.0,100.0,0.0,0.0,0.0,0.0,0.0,417.0,937.0,1194713088.0,30961664.0,4288200704.0,15517208576.0,0.0,0.0,196608.0,21475966976.0,
0.0,0.125,99.501,0.374,0.0,0.0,0.0,0.0,945.0,403.0,1194467328.0,30961664.0,4287303680.0,15518351360.0,0.0,0.0,196608.0,21475966976.0,
0.125,0.125,99.250,0.500,0.0,0.0,8495104.0,49152.0,2194.0,403.0,1194463232.0,30973952.0,4290441216.0,15515205632.0,0.0,0.0,196608.0,21475966976.0,
0.0,0.0,100.0,0.0,0.0,0.0,4259840.0,0.0,1817.0,1015.0,1194803200.0,30986240.0,4291223552.0,15514071040.0,0.0,0.0,196608.0,21475966976.0,
0.0,0.0,100.0,0.0,0.0,0.0,0.0,0.0,3209.0,4431.0,1194291200.0,30986240.0,4290469888.0,15515336704.0,0.0,0.0,196608.0,21475966976.0,
0.125,0.0,99.751,0.0,0.0,0.125,4194304.0,0.0,561.0,403.0,1194762240.0,30986240.0,4291072000.0,15514263552.0,0.0,0.0,196608.0,21475966976.0,
0.0,0.125,99.875,0.0,0.0,0.0,0.0,0.0,2145.0,937.0,1194647552.0,30986240.0,4290170880.0,15515279360.0,0.0,0.0,196608.0,21475966976.0,
0.125,0.0,99.875,0.0,0.0,0.0,0.0,24576.0,1137.0,403.0,1194655744.0,30994432.0,4289273856.0,15516160000.0,0.0,0.0,196608.0,21475966976.0,
0.0,0.0,100.0,0.0,0.0,0.0,0.0,106496.0,847.0,403.0,1194844160.0,31002624.0,4288315392.0,15516921856.0,0.0,0.0,196608.0,21475966976.0,
0.125,0.125,99.377,0.374,0.0,0.0,8429568.0,0.0,2239.0,6235.0,1194987520.0,31006720.0,4291387392.0,15513702400.0,0.0,0.0,196608.0,21475966976.0,
0.0,0.0,100.0,0.0,0.0,0.0,65536.0,0.0,177.0,403.0,1194692608.0,31006720.0,4290596864.0,15514787840.0,0.0,0.0,196608.0,21475966976.0,
0.125,0.0,99.875,0.0,0.0,0.0,4259840.0,0.0,1341.0,403.0,1194840064.0,31019008.0,4291383296.0,15513841664.0,0.0,0.0,196608.0,21475966976.0,
0.0,0.125,99.750,0.0,0.125,0.0,0.0,81920.0,545.0,937.0,1194463232.0,31027200.0,4290613248.0,15514980352.0,0.0,0.0,196608.0,21475966976.0,
0.125,0.0,99.875,0.0,0.0,0.0,4194304.0,114688.0,1905.0,481.0,1194704896.0,31035392.0,4291506176.0,15513837568.0,0.0,0.0,196608.0,21475966976.0,
0.0,0.0,100.0,0.0,0.0,0.0,0.0,0.0,649.0,4931.0,1194565632.0,31035392.0,4290621440.0,15514861568.0,0.0,0.0,196608.0,21475966976.0,
0.0,0.0,100.0,0.0,0.0,0.0,0.0,0.0,1515.0,1039.0,1194737664.0,31035392.0,4289433600.0,15515877376.0,0.0,0.0,196608.0,21475966976.0,
0.125,0.125,99.751,0.0,0.0,0.0,0.0,0.0,177.0,403.0,1194692608.0,31035392.0,4288466944.0,15516889088.0,0.0,0.0,196608.0,21475966976.0,
0.625,0.250,98.625,0.500,0.0,0.0,4227072.0,0.0,625.0,403.0,1195077632.0,31039488.0,4291239936.0,15513726976.0,0.0,0.0,196608.0,21475966976.0,
0.0,0.0,99.625,0.375,0.0,0.0,4268032.0,106496.0,609.0,937.0,1194749952.0,31047680.0,4290723840.0,15514562560.0,0.0,0.0,196608.0,21475966976.0,
0.125,0.125,99.626,0.125,0.0,0.0,4259840.0,0.0,1603.0,1895.0,1195028480.0,31059968.0,4291506176.0,15513489408.0,0.0,0.0,196608.0,21475966976.0,
0.0,0.0,100.0,0.0,0.0,0.0,0.0,0.0,625.0,403.0,1194524672.0,31059968.0,4290744320.0,15514755072.0,0.0,0.0,196608.0,21475966976.0,
0.0,0.125,99.875,0.0,0.0,0.0,4194304.0,0.0,609.0,937.0,1194868736.0,31059968.0,4291346432.0,15513808896.0,0.0,0.0,196608.0,21475966976.0,
0.125,0.125,99.751,0.0,0.0,0.0,0.0,40960.0,305.0,403.0,1194745856.0,31068160.0,4290437120.0,15514832896.0,0.0,0.0,196608.0,21475966976.0,
0.0,0.0,100.0,0.0,0.0,0.0,0.0,0.0,1457.0,481.0,1194627072.0,31068160.0,4289548288.0,15515840512.0,0.0,0.0,196608.0,21475966976.0,
0.0,0.0,100.0,0.0,0.0,0.0,0.0,0.0,767.0,6035.0,1194864640.0,31068160.0,4288548864.0,15516602368.0,0.0,0.0,196608.0,21475966976.0,
0.125,0.125,99.252,0.499,0.0,0.0,8421376.0,0.0,2289.0,403.0,1194942464.0,31072256.0,4291620864.0,15513448448.0,0.0,0.0,196608.0,21475966976.0,
0.0,0.0,99.875,0.125,0.0,0.0,73728.0,0.0,241.0,403.0,1194708992.0,31072256.0,4290838528.0,15514464256.0,0.0,0.0,196608.0,21475966976.0,
0.125,0.0,99.750,0.0,0.0,0.125,4259840.0,73728.0,2593.0,937.0,1195175936.0,31100928.0,4291604480.0,15513202688.0,0.0,0.0,196608.0,21475966976.0,
0.0,0.0,100.0,0.0,0.0,0.0,0.0,24576.0,1009.0,403.0,1194532864.0,31100928.0,4290859008.0,15514591232.0,0.0,0.0,196608.0,21475966976.0,
0.125,0.125,99.751,0.0,0.0,0.0,4194304.0,0.0,777.0,2465.0,1195003904.0,31100928.0,4291461120.0,15513518080.0,0.0,0.0,196608.0,21475966976.0,
0.0,0.0,100.0,0.0,0.0,0.0,0.0,0.0,6769.0,5733.0,1194766336.0,31100928.0,4290555904.0,15514660864.0,0.0,0.0,196608.0,21475966976.0,
0.125,0.0,99.875,0.0,0.0,0.0,0.0,0.0,177.0,403.0,1194639360.0,31100928.0,4289667072.0,15515676672.0,0.0,0.0,196608.0,21475966976.0,
0.0,0.125,99.875,0.0,0.0,0.0,0.0,40960.0,369.0,403.0,1194885120.0,31109120.0,4288651264.0,15516438528.0,0.0,0.0,196608.0,21475966976.0,
0.125,0.0,99.500,0.375,0.0,0.0,8429568.0,0.0,865.0,1015.0,1194901504.0,31113216.0,4291723264.0,15513346048.0,0.0,0.0,196608.0,21475966976.0,
0.0,0.0,100.0,0.0,0.0,0.0,65536.0,106496.0,2127.0,6001.0,1194606592.0,31125504.0,4290916352.0,15514435584.0,0.0,0.0,196608.0,21475966976.0,
0.0,0.125,99.875,0.0,0.0,0.0,4259840.0,0.0,635.0,505.0,1194758144.0,31137792.0,4291698688.0,15513489408.0,0.0,0.0,196608.0,21475966976.0,
0.125,0.0,99.875,0.0,0.0,0.0,0.0,0.0,1449.0,1333.0,1194242048.0,31137792.0,4290949120.0,15514755072.0,0.0,0.0,196608.0,21475966976.0,
0.125,0.0,99.875,0.0,0.0,0.0,4194304.0,49152.0,369.0,403.0,1194721280.0,31145984.0,4291543040.0,15513673728.0,0.0,0.0,196608.0,21475966976.0,
0.0,0.0,100.0,0.0,0.0,0.0,0.0,0.0,847.0,403.0,1194573824.0,31145984.0,4290674688.0,15514689536.0,0.0,0.0,196608.0,21475966976.0,
0.125,0.125,99.751,0.0,0.0,0.0,0.0,0.0,697.0,3499.0,1194319872.0,31145984.0,4289785856.0,15515832320.0,0.0,0.0,196608.0,21475966976.0,
0.0,0.0,100.0,0.0,0.0,0.0,0.0,139264.0,1137.0,403.0,1194561536.0,31154176.0,4288774144.0,15516594176.0,0.0,0.0,196608.0,21475966976.0,
0.0,0.0,99.500,0.500,0.0,0.0,8429568.0,0.0,1341.0,403.0,1194766336.0,31158272.0,4291846144.0,15513313280.0,0.0,0.0,196608.0,21475966976.0,
0.125,0.125,99.750,0.0,0.0,0.0,65536.0,81920.0,827.0,937.0,1194508288.0,31166464.0,4291072000.0,15514337280.0,0.0,0.0,196608.0,21475966976.0,
0.0,0.0,100.0,0.0,0.0,0.0,4259840.0,81920.0,625.0,481.0,1194721280.0,31178752.0,4291854336.0,15513329664.0,0.0,0.0,196608.0,21475966976.0,
0.125,0.0,99.875,0.0,0.0,0.0,0.0,0.0,2191.0,6501.0,1194205184.0,31178752.0,4291104768.0,15514595328.0,0.0,0.0,196608.0,21475966976.0,
0.0,0.125,99.751,0.0,0.0,0.125,4194304.0,0.0,1019.0,937.0,1194676224.0,31178752.0,4291706880.0,15513522176.0,0.0,0.0,196608.0,21475966976.0,
0.125,0.0,99.875,0.0,0.0,0.0,0.0,0.0,3313.0,403.0,1194565632.0,31178752.0,4290801664.0,15514537984.0,0.0,0.0,196608.0,21475966976.0,
0.0,0.0,100.0,0.0,0.0,0.0,0.0,147456.0,369.0,403.0,1194446848.0,31195136.0,4289896448.0,15515545600.0,0.0,0.0,196608.0,21475966976.0,
0.125,0.0,99.875,0.0,0.0,0.0,0.0,8192.0,2977.0,937.0,1194553344.0,31195136.0,4288905216.0,15516430336.0,0.0,0.0,196608.0,21475966976.0,
0.0,0.125,99.376,0.499,0.0,0.0,8429568.0,0.0,2633.0,3465.0,1194758144.0,31199232.0,4291977216.0,15513149440.0,0.0,0.0,196608.0,21475966976.0,
0.0,0.0,100.0,0.0,0.0,0.0,65536.0,0.0,561.0,403.0,1194541056.0,31199232.0,4291178496.0,15514165248.0,0.0,0.0,196608.0,21475966976.0,
0.125,0.125,99.751,0.0,0.0,0.0,4259840.0,0.0,3041.0,937.0,1194881024.0,31211520.0,4291960832.0,15513030656.0,0.0,0.0,196608.0,21475966976.0,
0.0,0.0,100.0,0.0,0.0,0.0,0.0,49152.0,305.0,403.0,1194377216.0,31219712.0,4291190784.0,15514296320.0,0.0,0.0,196608.0,21475966976.0,
0.0,0.125,99.875,0.0,0.0,0.0,4194304.0,40960.0,433.0,481.0,1194557440.0,31219712.0,4292091904.0,15513214976.0,0.0,0.0,196608.0,21475966976.0,
0.125,0.0,99.875,0.0,0.0,0.0,0.0,0.0,831.0,7605.0,1194418176.0,31219712.0,4291198976.0,15514247168.0,0.0,0.0,196608.0,21475966976.0,
0.0,0.0,100.0,0.0,0.0,0.0,0.0,0.0,1979.0,505.0,1194414080.0,31219712.0,4291203072.0,15514247168.0,0.0,0.0,196608.0,21475966976.0,
0.0,0.125,99.875,0.0,0.0,0.0,0.0,0.0,369.0,403.0,1194450944.0,31219712.0,4289900544.0,15515512832.0,0.0,0.0,196608.0,21475966976.0,
0.125,0.0,99.875,0.0,0.0,0.0,0.0,73728.0,2416.0,612.0,1194721280.0,31236096.0,4288987136.0,15516139520.0,0.0,0.0,196608.0,21475966976.0,
0.0,0.125,99.625,0.250,0.0,0.0,8495104.0,0.0,177.0,403.0,1194844160.0,31240192.0,4292014080.0,15512985600.0,0.0,0.0,196608.0,21475966976.0,
0.125,0.0,99.875,0.0,0.0,0.0,0.0,0.0,585.0,4035.0,1194622976.0,31240192.0,4291219456.0,15514001408.0,0.0,0.0,196608.0,21475966976.0,
0.0,0.0,100.0,0.0,0.0,0.0,4259840.0,0.0,417.0,937.0,1194586112.0,31252480.0,4292067328.0,15513178112.0,0.0,0.0,196608.0,21475966976.0,
0.125,0.125,99.751,0.0,0.0,0.0,0.0,0.0,2353.0,467.0,1194364928.0,31252480.0,4291272704.0,15514193920.0,0.0,0.0,196608.0,21475966976.0,
0.0,0.0,100.0,0.0,0.0,0.0,4194304.0,49152.0,369.0,403.0,1194807296.0,31260672.0,4291760128.0,15513255936.0,0.0,0.0,196608.0,21475966976.0,
0.125,0.0,99.875,0.0,0.0,0.0,0.0,0.0,673.0,1015.0,1194291200.0,31260672.0,4291268608.0,15514263552.0,0.0,0.0,196608.0,21475966976.0,
0.0,0.0,100.0,0.0,0.0,0.0,0.0,0.0,527.0,7571.0,1194442752.0,31260672.0,4289974272.0,15515406336.0,0.0,0.0,196608.0,21475966976.0,
0.125,0.125,99.750,0.0,0.0,0.0,0.0,0.0,2801.0,467.0,1194704896.0,31260672.0,4289077248.0,15516041216.0,0.0,0.0,196608.0,21475966976.0,
0.0,0.0,99.127,0.748,0.0,0.125,8495104.0,0.0,353.0,937.0,1194938368.0,31264768.0,4292120576.0,15512760320.0,0.0,0.0,196608.0,21475966976.0,
0.125,0.0,99.875,0.0,0.0,0.0,0.0,81920.0,3825.0,531.0,1194590208.0,31281152.0,4291309568.0,15513903104.0,0.0,0.0,196608.0,21475966976.0,
0.0,0.125,99.875,0.0,0.0,0.0,4259840.0,139264.0,847.0,403.0,1194598400.0,31293440.0,4292173824.0,15513018368.0,0.0,0.0,196608.0,21475966976.0,
0.125,0.0,99.875,0.0,0.0,0.0,0.0,0.0,2809.0,5069.0,1194377216.0,31293440.0,4291379200.0,15514034176.0,0.0,0.0,196608.0,21475966976.0,
0.0,0.0,100.0,0.0,0.0,0.0,4194304.0,0.0,3633.0,531.0,1195012096.0,31293440.0,4291878912.0,15512899584.0,0.0,0.0,196608.0,21475966976.0,
0.125,0.0,99.875,0.0,0.0,0.0,0.0,0.0,369.0,403.0,1194487808.0,31293440.0,4291387392.0,15513915392.0,0.0,0.0,196608.0,21475966976.0,
0.0,0.0,100.0,0.0,0.0,0.0,0.0,73728.0,3885.0,1001.0,1194520576.0,31301632.0,4290076672.0,15515185152.0,0.0,0.0,196608.0,21475966976.0,
0.125,0.125,99.751,0.0,0.0,0.0,0.0,24576.0,433.0,481.0,1194790912.0,31309824.0,4289171456.0,15515811840.0,0.0,0.0,196608.0,21475966976.0,
0.0,0.0,99.750,0.250,0.0,0.0,8495104.0,0.0,789.0,8141.0,1194704896.0,31313920.0,4292206592.0,15512858624.0,0.0,0.0,196608.0,21475966976.0,
0.125,0.0,99.875,0.0,0.0,0.0,0.0,0.0,491.0,1039.0,1194610688.0,31313920.0,4291411968.0,15513747456.0,0.0,0.0,196608.0,21475966976.0,
0.0,0.0,100.0,0.0,0.0,0.0,4259840.0,0.0,2225.0,467.0,1194446848.0,31326208.0,4292259840.0,15513051136.0,0.0,0.0,196608.0,21475966976.0,
0.748,0.249,98.878,0.0,0.125,0.0,0.0,49152.0,497.0,403.0,1194360832.0,31334400.0,4291457024.0,15513931776.0,0.0,0.0,196608.0,21475966976.0,
0.0,0.125,99.875,0.0,0.0,0.0,4194304.0,81920.0,2529.0,1001.0,1194639360.0,31334400.0,4292259840.0,15512850432.0,0.0,0.0,196608.0,21475966976.0,
0.0,0.0,100.0,0.0,0.0,0.0,0.0,0.0,527.0,5105.0,1194405888.0,31334400.0,4291469312.0,15513874432.0,0.0,0.0,196608.0,21475966976.0,
0.125,0.0,99.875,0.0,0.0,0.0,0.0,0.0,561.0,403.0,1194315776.0,31334400.0,4290166784.0,15515267072.0,0.0,0.0,196608.0,21475966976.0,
0.0,0.125,99.875,0.0,0.0,0.0,0.0,0.0,681.0,1333.0,1194450944.0,31334400.0,4289269760.0,15516028928.0,0.0,0.0,196608.0,21475966976.0,
0.125,0.0,99.250,0.625,0.0,0.0,8495104.0,49152.0,1969.0,403.0,1194856448.0,31346688.0,4292313088.0,15512567808.0,0.0,0.0,196608.0,21475966976.0,
0.0,0.0,100.0,0.0,0.0,0.0,0.0,114688.0,369.0,481.0,1194643456.0,31354880.0,4291510272.0,15513575424.0,0.0,0.0,196608.0,21475966976.0,
0.125,0.125,99.751,0.0,0.0,0.0,4259840.0,0.0,697.0,4869.0,1194590208.0,31367168.0,4292374528.0,15512752128.0,0.0,0.0,196608.0,21475966976.0,
0.0,0.0,100.0,0.0,0.0,0.0,0.0,0.0,369.0,403.0,1194369024.0,31367168.0,4291579904.0,15513767936.0,0.0,0.0,196608.0,21475966976.0,
0.125,0.0,99.875,0.0,0.0,0.0,4194304.0,0.0,2353.0,403.0,1194520576.0,31367168.0,4292374528.0,15512821760.0,0.0,0.0,196608.0,21475966976.0,
0.0,0.0,100.0,0.0,0.0,0.0,0.0,40960.0,481.0,937.0,1194303488.0,31375360.0,4291575808.0,15513829376.0,0.0,0.0,196608.0,21475966976.0,
0.125,0.0,99.875,0.0,0.0,0.0,0.0,49152.0,3057.0,403.0,1194455040.0,31375360.0,4290281472.0,15514972160.0,0.0,0.0,196608.0,21475966976.0,
0.0,0.125,99.875,0.0,0.0,0.0,0.0,0.0,847.0,5605.0,1194717184.0,31375360.0,4289384448.0,15515607040.0,0.0,0.0,196608.0,21475966976.0,
0.125,0.0,99.376,0.499,0.0,0.0,8495104.0,0.0,2145.0,937.0,1194831872.0,31379456.0,4292288512.0,15512584192.0,0.0,0.0,196608.0,21475966976.0,
0.0,0.0,100.0,0.0,0.0,0.0,0.0,0.0,1009.0,403.0,1194610688.0,31379456.0,4291493888.0,15513600000.0,0.0,0.0,196608.0,21475966976.0,
0.125,0.0,99.875,0.0,0.0,0.0,4259840.0,49152.0,433.0,403.0,1194639360.0,31399936.0,4292456448.0,15512588288.0,0.0,0.0,196608.0,21475966976.0,
0.0,0.125,99.875,0.0,0.0,0.0,0.0,0.0,1825.0,1015.0,1194426368.0,31399936.0,4291661824.0,15513595904.0,0.0,0.0,196608.0,21475966976.0,
0.125,0.0,99.751,0.0,0.0,0.125,4194304.0,0.0,787.0,5087.0,1194663936.0,31399936.0,4292489216.0,15512530944.0,0.0,0.0,196608.0,21475966976.0,
0.0,0.0,100.0,0.0,0.0,0.0,0.0,0.0,635.0,505.0,1194311680.0,31399936.0,4291698688.0,15513673728.0,0.0,0.0,196608.0,21475966976.0,
0.125,0.0,99.875,0.0,0.0,0.0,0.0,0.0,673.0,937.0,1194348544.0,31399936.0,4290396160.0,15514939392.0,0.0,0.0,196608.0,21475966976.0,
0.0,0.125,99.875,0.0,0.0,0.0,0.0,155648.0,1777.0,403.0,1194618880.0,31416320.0,4289482752.0,15515566080.0,0.0,0.0,196608.0,21475966976.0,
0.125,0.0,99.625,0.250,0.0,0.0,8495104.0,0.0,847.0,403.0,1194901504.0,31420416.0,4292542464.0,15512219648.0,0.0,0.0,196608.0,21475966976.0,
0.0,0.0,100.0,0.0,0.0,0.0,0.0,0.0,1441.0,937.0,1194672128.0,31420416.0,4291747840.0,15513243648.0,0.0,0.0,196608.0,21475966976.0,
0.125,0.0,99.875,0.0,0.0,0.0,4259840.0,0.0,177.0,403.0,1194307584.0,31432704.0,4292923392.0,15512420352.0,0.0,0.0,196608.0,21475966976.0,
0.0,0.125,99.875,0.0,0.0,0.0,0.0,0.0,497.0,403.0,1194483712.0,31432704.0,4291731456.0,15513436160.0,0.0,0.0,196608.0,21475966976.0,
0.125,0.0,99.875,0.0,0.0,0.0,4194304.0,81920.0,1261.0,937.0,1194352640.0,31440896.0,4292911104.0,15512379392.0,0.0,0.0,196608.0,21475966976.0,
0.0,0.0,100.0,0.0,0.0,0.0,0.0,49152.0,1809.0,481.0,1194397696.0,31440896.0,4291723264.0,15513522176.0,0.0,0.0,196608.0,21475966976.0,
0.125,0.0,99.875,0.0,0.0,0.0,0.0,40960.0,241.0,403.0,1194143744.0,31449088.0,4290826240.0,15514664960.0,0.0,0.0,196608.0,21475966976.0,
0.0,0.0,100.0,0.0,0.0,0.0,0.0,0.0,609.0,937.0,1194786816.0,31449088.0,4289929216.0,15514918912.0,0.0,0.0,196608.0,21475966976.0,
0.0,0.125,99.127,0.748,0.0,0.0,8495104.0,0.0,177.0,403.0,1195229184.0,31453184.0,4292825088.0,15511576576.0,0.0,0.0,196608.0,21475966976.0,
0.125,0.0,99.875,0.0,0.0,0.0,0.0,49152.0,1393.0,403.0,1195016192.0,31461376.0,4292022272.0,15512584192.0,0.0,0.0,196608.0,21475966976.0,
0.125,0.0,99.875,0.0,0.0,0.0,4259840.0,0.0,737.0,937.0,1195077632.0,31473664.0,4292767744.0,15511764992.0,0.0,0.0,196608.0,21475966976.0,
0.0,0.125,99.875,0.0,0.0,0.0,0.0,0.0,2161.0,403.0,1194856448.0,31473664.0,4291973120.0,15512780800.0,0.0,0.0,196608.0,21475966976.0,
0.0,0.0,100.0,0.0,0.0,0.0,4194304.0,0.0,561.0,403.0,1195139072.0,31473664.0,4292763648.0,15511707648.0,0.0,0.0,196608.0,21475966976.0,
0.0,0.125,99.875,0.0,0.0,0.0,0.0,0.0,2273.0,937.0,1194786816.0,31473664.0,4291973120.0,15512850432.0,0.0,0.0,196608.0,21475966976.0,
0.125,0.0,99.875,0.0,0.0,0.0,0.0,40960.0,1393.0,403.0,1194692608.0,31481856.0,4290662400.0,15514247168.0,0.0,0.0,196608.0,21475966976.0,
0.0,0.0,100.0,0.0,0.0,0.0,0.0,65536.0,497.0,481.0,1195208704.0,31481856.0,4289765376.0,15514628096.0,0.0,0.0,196608.0,21475966976.0,
0.125,0.125,99.376,0.375,0.0,0.0,8429568.0,0.0,1441.0,937.0,1195229184.0,31485952.0,4292698112.0,15511670784.0,0.0,0.0,196608.0,21475966976.0,
0.0,0.0,100.0,0.0,0.0,0.0,65536.0,0.0,251.0,505.0,1195069440.0,31485952.0,4291903488.0,15512625152.0,0.0,0.0,196608.0,21475966976.0,
0.0,0.125,99.875,0.0,0.0,0.0,4259840.0,0.0,305.0,403.0,1194766336.0,31498240.0,4292952064.0,15511867392.0,0.0,0.0,196608.0,21475966976.0,
0.125,0.0,99.751,0.125,0.0,0.0,0.0,0.0,609.0,937.0,1194823680.0,31498240.0,4291760128.0,15513001984.0,0.0,0.0,196608.0,21475966976.0,
0.0,0.0,99.875,0.0,0.0,0.125,4194304.0,163840.0,1713.0,403.0,1194676224.0,31514624.0,4293091328.0,15511801856.0,0.0,0.0,196608.0,21475966976.0,
0.125,0.125,99.751,0.0,0.0,0.0,0.0,0.0,305.0,403.0,1194848256.0,31514624.0,4291903488.0,15512817664.0,0.0,0.0,196608.0,21475966976.0,
0.0,0.0,100.0,0.0,0.0,0.0,0.0,0.0,1505.0,937.0,1194360832.0,31514624.0,4290998272.0,15514210304.0,0.0,0.0,196608.0,21475966976.0,
0.125,0.0,99.875,0.0,0.0,0.0,0.0,0.0,369.0,403.0,1194496000.0,31514624.0,4290101248.0,15514972160.0,0.0,0.0,196608.0,21475966976.0,
0.0,0.0,99.374,0.626,0.0,0.0,8429568.0,0.0,305.0,403.0,1194971136.0,31518720.0,4292767744.0,15511826432.0,0.0,0.0,196608.0,21475966976.0,
0.125,0.0,99.875,0.0,0.0,0.0,65536.0,90112.0,1025.0,1015.0,1194885120.0,31526912.0,4291964928.0,15512707072.0,0.0,0.0,196608.0,21475966976.0,
0.0,0.125,99.875,0.0,0.0,0.0,4259840.0,0.0,1831.0,19323.0,1194536960.0,31539200.0,4293058560.0,15511949312.0,0.0,0.0,196608.0,21475966976.0,
0.125,0.0,99.875,0.0,0.0,0.0,0.0,0.0,753.0,403.0,1194713088.0,31539200.0,4291866624.0,15512965120.0,0.0,0.0,196608.0,21475966976.0,
0.0,0.0,100.0,0.0,0.0,0.0,4194304.0,0.0,489.0,1333.0,1194328064.0,31539200.0,4293197824.0,15512018944.0,0.0,0.0,196608.0,21475966976.0,
0.125,0.0,99.875,0.0,0.0,0.0,0.0,40960.0,241.0,403.0,1194508288.0,31547392.0,4292001792.0,15513026560.0,0.0,0.0,196608.0,21475966976.0,
0.125,0.125,99.750,0.0,0.0,0.0,0.0,24576.0,2703.0,403.0,1194151936.0,31555584.0,4291104768.0,15514271744.0,0.0,0.0,196608.0,21475966976.0,
0.0,0.0,100.0,0.0,0.0,0.0,0.0,0.0,801.0,937.0,1194414080.0,31555584.0,4290207744.0,15514906624.0,0.0,0.0,196608.0,21475966976.0,
0.125,0.0,99.252,0.623,0.0,0.0,8429568.0,0.0,3185.0,403.0,1194885120.0,31559680.0,4292878336.0,15511760896.0,0.0,0.0,196608.0,21475966976.0,
0.0,0.125,99.875,0.0,0.0,0.0,65536.0,0.0,369.0,403.0,1194536960.0,31559680.0,4292083712.0,15512903680.0,0.0,0.0,196608.0,21475966976.0,
0.0,0.0,99.875,0.0,0.0,0.125,4259840.0,81920.0,2989.0,937.0,1194479616.0,31580160.0,4293193728.0,15511830528.0,0.0,0.0,196608.0,21475966976.0,
0.125,0.0,99.875,0.0,0.0,0.0,0.0,24576.0,2865.0,481.0,1194655744.0,31588352.0,4291993600.0,15512846336.0,0.0,0.0,196608.0,21475966976.0,
0.0,0.125,99.875,0.0,0.0,0.0,4194304.0,0.0,369.0,403.0,1194491904.0,31588352.0,4293283840.0,15511719936.0,0.0,0.0,196608.0,21475966976.0,
0.125,0.0,99.875,0.0,0.0,0.0,0.0,0.0,2987.0,1039.0,1194663936.0,31588352.0,4292096000.0,15512735744.0,0.0,0.0,196608.0,21475966976.0,
0.0,0.0,100.0,0.0,0.0,0.0,0.0,0.0,177.0,403.0,1194176512.0,31588352.0,4291190784.0,15514128384.0,0.0,0.0,196608.0,21475966976.0,
0.625,0.250,99.125,0.0,0.0,0.0,0.0,40960.0,497.0,403.0,1194446848.0,31596544.0,4290285568.0,15514755072.0,0.0,0.0,196608.0,21475966976.0,
0.125,0.125,99.252,0.499,0.0,0.0,8429568.0,40960.0,801.0,937.0,1194741760.0,31600640.0,4293332992.0,15511408640.0,0.0,0.0,196608.0,21475966976.0,
0.0,0.0,100.0,0.0,0.0,0.0,65536.0,0.0,1713.0,403.0,1194979328.0,31600640.0,4292141056.0,15512363008.0,0.0,0.0,196608.0,21475966976.0,
0.0,0.0,100.0,0.0,0.0,0.0,4259840.0,0.0,625.0,403.0,1194557440.0,31612928.0,4293373952.0,15511539712.0,0.0,0.0,196608.0,21475966976.0,
0.125,0.125,99.751,0.0,0.0,0.0,0.0,0.0,2273.0,937.0,1194733568.0,31612928.0,4292182016.0,15512555520.0,0.0,0.0,196608.0,21475966976.0,
0.0,0.0,99.875,0.125,0.0,0.0,4194304.0,57344.0,177.0,403.0,1194459136.0,31621120.0,4293386240.0,15511617536.0,0.0,0.0,196608.0,21475966976.0,
0.125,0.0,99.875,0.0,0.0,0.0,0.0,0.0,305.0,481.0,1194631168.0,31621120.0,4292198400.0,15512633344.0,0.0,0.0,196608.0,21475966976.0,
0.0,0.125,99.875,0.0,0.0,0.0,0.0,0.0,545.0,937.0,1194381312.0,31621120.0,4291305472.0,15513776128.0,0.0,0.0,196608.0,21475966976.0,
0.125,0.0,99.875,0.0,0.0,0.0,0.0,0.0,2161.0,467.0,1194643456.0,31621120.0,4290408448.0,15514411008.0,0.0,0.0,196608.0,21475966976.0,
0.0,0.0,99.499,0.501,0.0,0.0,8429568.0,0.0,369.0,403.0,1194852352.0,31625216.0,4293099520.0,15511506944.0,0.0,0.0,196608.0,21475966976.0,
0.125,0.0,99.875,0.0,0.0,0.0,65536.0,49152.0,417.0,937.0,1194700800.0,31633408.0,4292296704.0,15512453120.0,0.0,0.0,196608.0,21475966976.0,
0.0,0.125,99.875,0.0,0.0,0.0,4259840.0,114688.0,305.0,403.0,1194381312.0,31653888.0,4293484544.0,15511564288.0,0.0,0.0,196608.0,21475966976.0,
0.125,0.0,99.875,0.0,0.0,0.0,0.0,0.0,2673.0,467.0,1194557440.0,31653888.0,4292292608.0,15512580096.0,0.0,0.0,196608.0,21475966976.0,
0.0,0.0,100.0,0.0,0.0,0.0,4194304.0,0.0,6067.0,5911.0,1194541056.0,31653888.0,4293509120.0,15511379968.0,0.0,0.0,196608.0,21475966976.0,
0.125,0.0,99.875,0.0,0.0,0.0,0.0,0.0,3505.0,531.0,1194586112.0,31653888.0,4292321280.0,15512522752.0,0.0,0.0,196608.0,21475966976.0,
0.0,0.0,99.875,0.0,0.0,0.125,0.0,40960.0,369.0,403.0,1194348544.0,31662080.0,4291407872.0,15513665536.0,0.0,0.0,196608.0,21475966976.0,
0.125,0.125,99.750,0.0,0.0,0.0,0.0,180224.0,2785.0,1079.0,1194610688.0,31674368.0,4290498560.0,15514300416.0,0.0,0.0,196608.0,21475966976.0,
0.0,0.0,99.501,0.499,0.0,0.0,8429568.0,0.0,2929.0,467.0,1195192320.0,31678464.0,4293185536.0,15511027712.0,0.0,0.0,196608.0,21475966976.0,
0.125,0.0,99.875,0.0,0.0,0.0,65536.0,0.0,763.0,505.0,1194844160.0,31678464.0,4292390912.0,15512170496.0,0.0,0.0,196608.0,21475966976.0,
0.499,2.247,97.253,0.0,0.0,0.0,4259840.0,0.0,2785.0,1001.0,1195028480.0,31690752.0,4293148672.0,15511216128.0,0.0,0.0,196608.0,21475966976.0,
0.0,0.0,100.0,0.0,0.0,0.0,0.0,1056768.0,1379.0,1421.0,1194942464.0,31703040.0,4292341760.0,15512096768.0,0.0,0.0,196608.0,21475966976.0,
0.125,0.125,99.0,0.625,0.0,0.125,4202496.0,12623872.0,911.0,403.0,1194811392.0,31715328.0,4293656576.0,15510900736.0,0.0,0.0,196608.0,21475966976.0,
0.0,0.0,100.0,0.0,0.0,0.0,0.0,0.0,1249.0,18643.0,1194983424.0,31715328.0,4292468736.0,15511916544.0,0.0,0.0,196608.0,21475966976.0,
0.125,0.0,99.875,0.0,0.0,0.0,0.0,0.0,2417.0,467.0,1194426368.0,31715328.0,4291567616.0,15513374720.0,0.0,0.0,196608.0,21475966976.0,
0.0,0.0,100.0,0.0,0.0,0.0,0.0,180224.0,497.0,403.0,1194815488.0,31723520.0,4290662400.0,15513882624.0,0.0,0.0,196608.0,21475966976.0,
0.0,0.125,99.002,0.873,0.0,0.0,8429568.0,0.0,3309.0,1001.0,1195094016.0,31727616.0,4293337088.0,15510925312.0,0.0,0.0,196608.0,21475966976.0,
0.125,0.0,99.625,0.250,0.0,0.0,73728.0,90112.0,241.0,481.0,1194934272.0,31739904.0,4292530176.0,15511879680.0,0.0,0.0,196608.0,21475966976.0,
0.0,0.125,99.875,0.0,0.0,0.0,4259840.0,0.0,305.0,403.0,1194659840.0,31752192.0,4293615616.0,15511056384.0,0.0,0.0,196608.0,21475966976.0,
0.125,0.0,99.875,0.0,0.0,0.0,0.0,0.0,545.0,937.0,1194708992.0,31752192.0,4292423680.0,15512199168.0,0.0,0.0,196608.0,21475966976.0,
0.0,0.125,99.875,0.0,0.0,0.0,4194304.0,0.0,2353.0,403.0,1194737664.0,31752192.0,4293459968.0,15511134208.0,0.0,0.0,196608.0,21475966976.0,
0.125,0.0,99.875,0.0,0.0,0.0,0.0,40960.0,715.0,403.0,1194745856.0,31760384.0,4292562944.0,15512014848.0,0.0,0.0,196608.0,21475966976.0,
0.0,0.0,100.0,0.0,0.0,0.0,0.0,32768.0,737.0,937.0,1194373120.0,31768576.0,4291661824.0,15513280512.0,0.0,0.0,196608.0,21475966976.0,
0.0,0.125,99.875,0.0,0.0,0.0,0.0,0.0,369.0,403.0,1194631168.0,31768576.0,4290768896.0,15513915392.0,0.0,0.0,196608.0,21475966976.0,
0.125,0.0,99.751,0.0,0.125,0.0,0.0,0.0,2865.0,403.0,1195036672.0,31768576.0,4290363392.0,15513915392.0,0.0,0.0,196608.0,21475966976.0,
0.0,0.0,99.250,0.750,0.0,0.0,8495104.0,0.0,489.0,1333.0,1194717184.0,31772672.0,4293832704.0,15510761472.0,0.0,0.0,196608.0,21475966976.0,
0.125,0.0,99.875,0.0,0.0,0.0,0.0,49152.0,3761.0,403.0,1194901504.0,31780864.0,4292501504.0,15511900160.0,0.0,0.0,196608.0,21475966976.0,
0.0,0.125,99.875,0.0,0.0,0.0,4259840.0,0.0,497.0,481.0,1194844160.0,31793152.0,4293681152.0,15510765568.0,0.0,0.0,196608.0,21475966976.0,
0.0,0.0,100.0,0.0,0.0,0.0,0.0,0.0,1889.0,937.0,1194840064.0,31793152.0,4292534272.0,15511916544.0,0.0,0.0,196608.0,21475966976.0,
0.125,0.0,99.875,0.0,0.0,0.0,4194304.0,0.0,2427.0,505.0,1194487808.0,31793152.0,4293832704.0,15510970368.0,0.0,0.0,196608.0,21475966976.0,
0.125,0.125,99.750,0.0,0.0,0.0,0.0,0.0,369.0,403.0,1194524672.0,31793152.0,4292530176.0,15512236032.0,0.0,0.0,196608.0,21475966976.0,
0.0,0.0,100.0,0.0,0.0,0.0,0.0,40960.0,1761.0,937.0,1194434560.0,31801344.0,4291731456.0,15513116672.0,0.0,0.0,196608.0,21475966976.0,
0.125,0.0,92.145,7.232,0.0,0.499,0.0,2940928.0,177.0,403.0,1194958848.0,31809536.0,4290437120.0,15513878528.0,0.0,0.0,196608.0,21475966976.0,
0.0,0.125,87.500,12.0,0.0,0.375,0.0,2785280.0,305.0,403.0,1194967040.0,31809536.0,4289540096.0,15514767360.0,0.0,0.0,196608.0,21475966976.0,
0.125,0.125,87.391,11.985,0.0,0.375,2105344.0,2195456.0,481.0,937.0,1194962944.0,31813632.0,4293464064.0,15510843392.0,0.0,0.0,196608.0,21475966976.0,
0.0,0.0,87.500,12.125,0.0,0.375,6389760.0,2113536.0,1713.0,403.0,1194741760.0,31813632.0,4292669440.0,15511859200.0,0.0,0.0,196608.0,21475966976.0,
0.0,0.125,87.391,12.110,0.0,0.375,114688.0,1875968.0,305.0,403.0,1196707840.0,31834112.0,4291809280.0,15510732800.0,0.0,0.0,196608.0,21475966976.0,
0.125,0.0,99.251,0.624,0.0,0.0,4145152.0,90112.0,1825.0,1015.0,1194897408.0,31834112.0,4292603904.0,15511748608.0,0.0,0.0,196608.0,21475966976.0,
0.0,0.0,100.0,0.0,0.0,0.0,4194304.0,0.0,177.0,403.0,1194766336.0,31834112.0,4293685248.0,15510798336.0,0.0,0.0,196608.0,21475966976.0,
0.125,0.0,99.875,0.0,0.0,0.0,0.0,0.0,689.0,403.0,1194541056.0,31834112.0,4292894720.0,15511814144.0,0.0,0.0,196608.0,21475966976.0,
0.0,0.125,99.875,0.0,0.0,0.0,0.0,0.0,417.0,937.0,1194700800.0,31834112.0,4291592192.0,15512956928.0,0.0,0.0,196608.0,21475966976.0,
0.125,0.0,99.875,0.0,0.0,0.0,0.0,40960.0,1393.0,403.0,1194864640.0,31842304.0,4290686976.0,15513690112.0,0.0,0.0,196608.0,21475966976.0,
0.0,0.125,99.375,0.500,0.0,0.0,8495104.0,114688.0,975.0,403.0,1194983424.0,31854592.0,4293713920.0,15510532096.0,0.0,0.0,196608.0,21475966976.0,
0.125,0.0,99.875,0.0,0.0,0.0,0.0,0.0,545.0,937.0,1194762240.0,31854592.0,4292919296.0,15511547904.0,0.0,0.0,196608.0,21475966976.0,
0.0,0.0,100.0,0.0,0.0,0.0,4259840.0,0.0,177.0,403.0,1194905600.0,31866880.0,4293709824.0,15510601728.0,0.0,0.0,196608.0,21475966976.0,
0.125,0.0,99.875,0.0,0.0,0.0,0.0,0.0,1393.0,403.0,1194557440.0,31866880.0,4292915200.0,15511744512.0,0.0,0.0,196608.0,21475966976.0,
0.0,0.0,100.0,0.0,0.0,0.0,4194304.0,81920.0,1261.0,937.0,1194717184.0,31875072.0,4293758976.0,15510732800.0,0.0,0.0,196608.0,21475966976.0,
0.125,0.125,99.751,0.0,0.0,0.0,0.0,24576.0,2481.0,481.0,1194500096.0,31883264.0,4292960256.0,15511740416.0,0.0,0.0,196608.0,21475966976.0,
0.0,0.0,99.875,0.0,0.0,0.125,0.0,0.0,871.0,18617.0,1194717184.0,31883264.0,4291719168.0,15512764416.0,0.0,0.0,196608.0,21475966976.0,
0.125,0.0,99.875,0.0,0.0,0.0,0.0,0.0,2603.0,1039.0,1194725376.0,31883264.0,4290822144.0,15513653248.0,0.0,0.0,196608.0,21475966976.0,
0.0,0.125,99.250,0.625,0.0,0.0,8495104.0,0.0,1457.0,403.0,1194700800.0,31887360.0,4293873664.0,15510622208.0,0.0,0.0,196608.0,21475966976.0,
0.625,0.250,99.125,0.0,0.0,0.0,0.0,49152.0,369.0,403.0,1194487808.0,31895552.0,4293070848.0,15511629824.0,0.0,0.0,196608.0,21475966976.0,
0.125,0.0,99.750,0.125,0.0,0.0,4259840.0,0.0,1825.0,937.0,1194811392.0,31907840.0,4293869568.0,15510495232.0,0.0,0.0,196608.0,21475966976.0,
0.0,0.0,100.0,0.0,0.0,0.0,0.0,0.0,305.0,403.0,1194590208.0,31907840.0,4293074944.0,15511511040.0,0.0,0.0,196608.0,21475966976.0,
0.125,0.125,99.750,0.0,0.0,0.0,4194304.0,0.0,625.0,403.0,1194565632.0,31907840.0,4293922816.0,15510687744.0,0.0,0.0,196608.0,21475966976.0,
0.0,0.0,100.0,0.0,0.0,0.0,0.0,0.0,545.0,937.0,1194213376.0,31907840.0,4293132288.0,15511830528.0,0.0,0.0,196608.0,21475966976.0,
0.0,0.0,100.0,0.0,0.0,0.0,0.0,40960.0,1841.0,403.0,1194618880.0,31916032.0,4291821568.0,15512727552.0,0.0,0.0,196608.0,21475966976.0,
0.125,0.125,99.751,0.0,0.0,0.0,0.0,0.0,369.0,481.0,1194754048.0,31916032.0,4290924544.0,15513489408.0,0.0,0.0,196608.0,21475966976.0,
0.0,0.0,99.499,0.501,0.0,0.0,8495104.0,0.0,1569.0,937.0,1194741760.0,31920128.0,4293963776.0,15510458368.0,0.0,0.0,196608.0,21475966976.0,
0.125,0.0,99.875,0.0,0.0,0.0,0.0,0.0,305.0,403.0,1194520576.0,31920128.0,4293169152.0,15511474176.0,0.0,0.0,196608.0,21475966976.0,
0.0,0.125,99.875,0.0,0.0,0.0,4259840.0,0.0,241.0,403.0,1194471424.0,31932416.0,4294017024.0,15510663168.0,0.0,0.0,196608.0,21475966976.0,
0.125,0.0,99.750,0.125,0.0,0.0,0.0,0.0,353.0,937.0,1194258432.0,31932416.0,4293222400.0,15511670784.0,0.0,0.0,196608.0,21475966976.0,
0.0,0.0,100.0,0.0,0.0,0.0,4194304.0,81920.0,1265.0,403.0,1194532864.0,31948800.0,4294008832.0,15510593536.0,0.0,0.0,196608.0,21475966976.0,
0.0,0.0,100.0,0.0,0.0,0.0,0.0,0.0,369.0,403.0,1194307584.0,31948800.0,4293218304.0,15511609344.0,0.0,0.0,196608.0,21475966976.0,
0.125,0.125,99.751,0.0,0.0,0.0,0.0,0.0,545.0,937.0,1194340352.0,31948800.0,4291919872.0,15512875008.0,0.0,0.0,196608.0,21475966976.0,
0.0,0.0,100.0,0.0,0.0,0.0,0.0,0.0,241.0,403.0,1194475520.0,31948800.0,4291022848.0,15513636864.0,0.0,0.0,196608.0,21475966976.0,
0.0,0.125,99.251,0.624,0.0,0.0,8495104.0,49152.0,2353.0,403.0,1194754048.0,31961088.0,4294074368.0,15510294528.0,0.0,0.0,196608.0,21475966976.0,
0.125,0.0,99.875,0.0,0.0,0.0,0.0,49152.0,737.0,859.0,1194532864.0,31961088.0,4293279744.0,15511310336.0,0.0,0.0,196608.0,21475966976.0,
0.0,0.125,99.751,0.0,0.0,0.125,4259840.0,0.0,3377.0,481.0,1194725376.0,31973376.0,4294139904.0,15510245376.0,0.0,0.0,196608.0,21475966976.0,
0.125,0.0,99.875,0.0,0.0,0.0,0.0,0.0,699.0,505.0,1194504192.0,31973376.0,4293345280.0,15511261184.0,0.0,0.0,196608.0,21475966976.0,
0.0,0.0,100.0,0.0,0.0,0.0,4194304.0,0.0,2089.0,1333.0,1194401792.0,31973376.0,4294135808.0,15510573056.0,0.0,0.0,196608.0,21475966976.0,
0.0,0.125,99.875,0.0,0.0,0.0,0.0,40960.0,2865.0,403.0,1194311680.0,31981568.0,4293337088.0,15511453696.0,0.0,0.0,196608.0,21475966976.0,
1.119,0.124,98.756,0.0,0.0,0.0,0.0,663552.0,911.0,403.0,1202700288.0,31997952.0,4292059136.0,15504326656.0,0.0,0.0,196608.0,21475966976.0,
0.874,0.125,99.001,0.0,0.0,0.0,0.0,0.0,5451.0,1999.0,1195081728.0,31997952.0,4291162112.0,15512842240.0,0.0,0.0,196608.0,21475966976.0,
0.0,0.0,99.376,0.624,0.0,0.0,8495104.0,0.0,177.0,403.0,1195061248.0,32002048.0,4294209536.0,15509811200.0,0.0,0.0,196608.0,21475966976.0,
0.0,0.0,100.0,0.0,0.0,0.0,0.0,0.0,305.0,403.0,1194962944.0,32002048.0,4293414912.0,15510704128.0,0.0,0.0,196608.0,21475966976.0,
0.125,0.125,99.750,0.0,0.0,0.0,4259840.0,0.0,353.0,937.0,1194975232.0,32018432.0,4294512640.0,15509577728.0,0.0,0.0,196608.0,21475966976.0,
0.0,0.0,99.875,0.125,0.0,0.0,0.0,368640.0,2621.0,403.0,1195008000.0,32030720.0,4293308416.0,15510736896.0,0.0,0.0,196608.0,21475966976.0,
0.125,0.125,99.751,0.0,0.0,0.0,4194304.0,0.0,369.0,481.0,1194557440.0,32030720.0,4294516736.0,15509979136.0,0.0,0.0,196608.0,21475966976.0,
0.0,0.0,100.0,0.0,0.0,0.0,0.0,0.0,2337.0,937.0,1194729472.0,32030720.0,4293328896.0,15510994944.0,0.0,0.0,196608.0,21475966976.0,
0.0,0.0,100.0,0.0,0.0,0.0,0.0,0.0,433.0,403.0,1194409984.0,32030720.0,4292423680.0,15512219648.0,0.0,0.0,196608.0,21475966976.0,
0.125,0.125,99.751,0.0,0.0,0.0,0.0,40960.0,305.0,403.0,1195061248.0,32038912.0,4291518464.0,15512465408.0,0.0,0.0,196608.0,21475966976.0,
0.0,0.0,99.625,0.375,0.0,0.0,8429568.0,0.0,673.0,937.0,1195360256.0,32043008.0,4294193152.0,15509487616.0,0.0,0.0,196608.0,21475966976.0,
0.125,0.0,99.875,0.0,0.0,0.0,65536.0,0.0,2727.0,17325.0,1195200512.0,32043008.0,4293398528.0,15510441984.0,0.0,0.0,196608.0,21475966976.0,
0.0,0.125,99.750,0.125,0.0,0.0,4259840.0,0.0,689.0,403.0,1195077632.0,32055296.0,4294447104.0,15509504000.0,0.0,0.0,196608.0,21475966976.0,
0.125,0.0,99.875,0.0,0.0,0.0,0.0,0.0,417.0,937.0,1195253760.0,32055296.0,4293255168.0,15510519808.0,0.0,0.0,196608.0,21475966976.0,
0.0,0.0,99.875,0.0,0.0,0.125,4194304.0,49152.0,305.0,403.0,1194737664.0,32063488.0,4294582272.0,15509700608.0,0.0,0.0,196608.0,21475966976.0,
0.125,0.0,99.875,0.0,0.0,0.0,0.0,0.0,2417.0,467.0,1194909696.0,32063488.0,4293394432.0,15510716416.0,0.0,0.0,196608.0,21475966976.0,
0.125,0.0,99.875,0.0,0.0,0.0,0.0,0.0,831.0,8491.0,1194782720.0,32063488.0,4292497408.0,15511740416.0,0.0,0.0,196608.0,21475966976.0,
0.0,0.125,99.875,0.0,0.0,0.0,0.0,0.0,3387.0,633.0,1195171840.0,32063488.0,4291600384.0,15512248320.0,0.0,0.0,196608.0,21475966976.0,
0.125,0.0,99.250,0.625,0.0,0.0,8429568.0,0.0,241.0,403.0,1195466752.0,32067584.0,4294266880.0,15509282816.0,0.0,0.0,196608.0,21475966976.0,
0.0,0.125,99.875,0.0,0.0,0.0,65536.0,49152.0,1569.0,937.0,1195380736.0,32075776.0,4293464064.0,15510163456.0,0.0,0.0,196608.0,21475966976.0,
0.125,0.0,99.875,0.0,0.0,0.0,4259840.0,24576.0,3697.0,531.0,1195409408.0,32096256.0,4294549504.0,15509028864.0,0.0,0.0,196608.0,21475966976.0,
0.0,0.0,100.0,0.0,0.0,0.0,0.0,0.0,521.0,4843.0,1195585536.0,32096256.0,4293357568.0,15510044672.0,0.0,0.0,196608.0,21475966976.0,
0.125,0.0,99.875,0.0,0.0,0.0,4194304.0,0.0,2977.0,1001.0,1194815488.0,32096256.0,4294696960.0,15509475328.0,0.0,0.0,196608.0,21475966976.0,
0.0,0.125,99.875,0.0,0.0,0.0,0.0,0.0,369.0,403.0,1194987520.0,32096256.0,4293509120.0,15510491136.0,0.0,0.0,196608.0,21475966976.0,
0.0,0.0,100.0,0.0,0.0,0.0,0.0,40960.0,433.0,403.0,1194868736.0,32104448.0,4292595712.0,15511515136.0,0.0,0.0,196608.0,21475966976.0,
0.125,0.0,99.875,0.0,0.0,0.0,0.0,0.0,673.0,937.0,1194876928.0,32104448.0,4291698688.0,15512403968.0,0.0,0.0,196608.0,21475966976.0,
0.0,0.125,99.376,0.499,0.0,0.0,8429568.0,0.0,4332.0,8591.0,1195102208.0,32108544.0,4294373376.0,15509499904.0,0.0,0.0,196608.0,21475966976.0,
0.125,0.0,99.875,0.0,0.0,0.0,65536.0,0.0,689.0,403.0,1194942464.0,32108544.0,4293578752.0,15510454272.0,0.0,0.0,196608.0,21475966976.0,
0.0,0.0,100.0,0.0,0.0,0.0,4259840.0,0.0,2465.0,1001.0,1194819584.0,32120832.0,4294635520.0,15509508096.0,0.0,0.0,196608.0,21475966976.0,
0.125,0.125,99.751,0.0,0.0,0.0,0.0,0.0,177.0,403.0,1195003904.0,32120832.0,4293443584.0,15510515712.0,0.0,0.0,196608.0,21475966976.0,
0.0,0.0,99.875,0.0,0.0,0.125,4194304.0,122880.0,911.0,403.0,1194479616.0,32137216.0,4294774784.0,15509692416.0,0.0,0.0,196608.0,21475966976.0,
0.0,0.0,100.0,0.0,0.0,0.0,0.0,0.0,959.0,5947.0,1194651648.0,32137216.0,4293586944.0,15510708224.0,0.0,0.0,196608.0,21475966976.0,
0.125,0.125,99.751,0.0,0.0,0.0,0.0,0.0,2289.0,403.0,1194532864.0,32137216.0,4292689920.0,15511724032.0,0.0,0.0,196608.0,21475966976.0,
0.0,0.0,100.0,0.0,0.0,0.0,0.0,0.0,305.0,403.0,1195048960.0,32137216.0,4291792896.0,15512104960.0,0.0,0.0,196608.0,21475966976.0,
0.0,0.0,99.126,0.874,0.0,0.0,8429568.0,0.0,417.0,937.0,1195470848.0,32141312.0,4294459392.0,15509012480.0,0.0,0.0,196608.0,21475966976.0,
0.125,0.125,99.750,0.0,0.0,0.0,65536.0,729088.0,1243.0,561.0,1195384832.0,32157696.0,4293648384.0,15509893120.0,0.0,0.0,196608.0,21475966976.0,
0.0,0.0,100.0,0.0,0.0,0.0,4268032.0,0.0,3081.0,4721.0,1195393024.0,32174080.0,4294750208.0,15508766720.0,0.0,0.0,196608.0,21475966976.0,
0.125,0.0,99.875,0.0,0.0,0.0,0.0,0.0,629.0,1169.0,1195442176.0,32174080.0,4293558272.0,15509909504.0,0.0,0.0,196608.0,21475966976.0,
0.0,0.125,99.875,0.0,0.0,0.0,4194304.0,0.0,3889.0,403.0,1194856448.0,32174080.0,4294901760.0,15509151744.0,0.0,0.0,196608.0,21475966976.0,
0.625,0.250,99.125,0.0,0.0,0.0,0.0,40960.0,561.0,403.0,1195036672.0,32182272.0,4293705728.0,15510159360.0,0.0,0.0,196608.0,21475966976.0,
0.0,0.0,100.0,0.0,0.0,0.0,0.0,155648.0,2465.0,937.0,1194901504.0,32190464.0,4292808704.0,15511183360.0,0.0,0.0,196608.0,21475966976.0,
0.125,0.125,99.751,0.0,0.0,0.0,0.0,0.0,2575.0,5913.0,1195163648.0,32190464.0,4291911680.0,15511818240.0,0.0,0.0,196608.0,21475966976.0,
0.0,0.0,99.249,0.751,0.0,0.0,8429568.0,0.0,689.0,403.0,1195466752.0,32194560.0,4294578176.0,15508844544.0,0.0,0.0,196608.0,21475966976.0,
0.125,0.0,99.875,0.0,0.0,0.0,65536.0,0.0,1897.0,1333.0,1195307008.0,32194560.0,4293783552.0,15509798912.0,0.0,0.0,196608.0,21475966976.0,
0.0,0.0,99.875,0.125,0.0,0.0,4259840.0,0.0,177.0,403.0,1195167744.0,32206848.0,4294848512.0,15508860928.0,0.0,0.0,196608.0,21475966976.0,
0.125,0.125,99.750,0.0,0.0,0.0,0.0,49152.0,433.0,403.0,1195466752.0,32215040.0,4293652480.0,15509749760.0,0.0,0.0,196608.0,21475966976.0,
0.0,0.0,100.0,0.0,0.0,0.0,4194304.0,0.0,767.0,5825.0,1194823680.0,32215040.0,4294991872.0,15509053440.0,0.0,0.0,196608.0,21475966976.0,
0.125,0.0,99.751,0.0,0.125,0.0,0.0,0.0,1713.0,403.0,1194995712.0,32215040.0,4293804032.0,15510069248.0,0.0,0.0,196608.0,21475966976.0,
0.0,0.125,99.875,0.0,0.0,0.0,0.0,0.0,305.0,403.0,1194758144.0,32215040.0,4292898816.0,15511212032.0,0.0,0.0,196608.0,21475966976.0,
0.125,0.0,99.875,0.0,0.0,0.0,0.0,40960.0,1377.0,937.0,1194774528.0,32223232.0,4291993600.0,15512092672.0,0.0,0.0,196608.0,21475966976.0,
0.0,0.0,99.500,0.500,0.0,0.0,8429568.0,24576.0,241.0,403.0,1195192320.0,32235520.0,4294664192.0,15508992000.0,0.0,0.0,196608.0,21475966976.0,
0.125,0.0,99.875,0.0,0.0,0.0,65536.0,0.0,649.0,2177.0,1195028480.0,32235520.0,4293873664.0,15509946368.0,0.0,0.0,196608.0,21475966976.0,
0.0,0.125,99.875,0.0,0.0,0.0,4259840.0,0.0,6067.0,5911.0,1194991616.0,32247808.0,4294971392.0,15508873216.0,0.0,0.0,196608.0,21475966976.0,
0.125,0.0,99.875,0.0,0.0,0.0,0.0,0.0,1457.0,403.0,1195040768.0,32247808.0,4293779456.0,15510016000.0,0.0,0.0,196608.0,21475966976.0,
0.0,0.0,99.875,0.0,0.0,0.125,4194304.0,49152.0,433.0,403.0,1194528768.0,32256000.0,4295102464.0,15509196800.0,0.0,0.0,196608.0,21475966976.0,
0.0,0.125,99.875,0.0,0.0,0.0,0.0,0.0,737.0,937.0,1194696704.0,32256000.0,4293918720.0,15510212608.0,0.0,0.0,196608.0,21475966976.0,
0.125,0.0,99.875,0.0,0.0,0.0,0.0,90112.0,655.0,5791.0,1194680320.0,32268288.0,4293017600.0,15511117824.0,0.0,0.0,196608.0,21475966976.0,
0.0,0.125,99.875,0.0,0.0,0.0,0.0,0.0,1659.0,505.0,1194815488.0,32268288.0,4292120576.0,15511879680.0,0.0,0.0,196608.0,21475966976.0,
0.125,0.0,99.501,0.375,0.0,0.0,8429568.0,0.0,417.0,937.0,1195155456.0,32272384.0,4294791168.0,15508865024.0,0.0,0.0,196608.0,21475966976.0,
0.0,0.125,99.875,0.0,0.0,0.0,65536.0,49152.0,1969.0,403.0,1195069440.0,32280576.0,4293988352.0,15509745664.0,0.0,0.0,196608.0,21475966976.0,
0.125,0.0,99.875,0.0,0.0,0.0,4259840.0,0.0,911.0,403.0,1194958848.0,32292864.0,4295094272.0,15508738048.0,0.0,0.0,196608.0,21475966976.0,
0.0,0.0,100.0,0.0,0.0,0.0,0.0,0.0,2297.0,3211.0,1195134976.0,32292864.0,4293902336.0,15509753856.0,0.0,0.0,196608.0,21475966976.0,
0.125,0.0,99.875,0.0,0.0,0.0,4194304.0,0.0,1585.0,403.0,1194622976.0,32292864.0,4295237632.0,15508930560.0,0.0,0.0,196608.0,21475966976.0,
0.0,0.125,99.875,0.0,0.0,0.0,0.0,131072.0,744.0,403.0,1194795008.0,32301056.0,4294041600.0,15509946368.0,0.0,0.0,196608.0,21475966976.0,
0.0,0.0,100.0,0.0,0.0,0.0,0.0,73728.0,1313.0,937.0,1194541056.0,32309248.0,4293136384.0,15511097344.0,0.0,0.0,196608.0,21475966976.0,
0.125,0.125,99.750,0.0,0.0,0.0,0.0,49152.0,1021.0,403.0,1194549248.0,32309248.0,4292239360.0,15511986176.0,0.0,0.0,196608.0,21475966976.0,
0.0,0.0,99.625,0.250,0.0,0.125,8429568.0,0.0,655.0,6291.0,1194967040.0,32313344.0,4294918144.0,15508885504.0,0.0,0.0,196608.0,21475966976.0,
0.0,0.125,99.875,0.0,0.0,0.0,65536.0,0.0,545.0,937.0,1194631168.0,32313344.0,4295315456.0,15508824064.0,0.0,0.0,196608.0,21475966976.0,
0.125,0.0,99.875,0.0,0.0,0.0,0.0,0.0,1649.0,403.0,1194938368.0,32313344.0,4293992448.0,15509839872.0,0.0,0.0,196608.0,21475966976.0,
0.0,0.125,99.875,0.0,0.0,0.0,4259840.0,0.0,369.0,403.0,1194827776.0,32325632.0,4295172096.0,15508758528.0,0.0,0.0,196608.0,21475966976.0,
0.125,0.0,99.875,0.0,0.0,0.0,0.0,139264.0,1761.0,937.0,1194831872.0,32342016.0,4294012928.0,15509897216.0,0.0,0.0,196608.0,21475966976.0,
0.0,0.0,100.0,0.0,0.0,0.0,4194304.0,0.0,521.0,3177.0,1194606592.0,32342016.0,4295311360.0,15508824064.0,0.0,0.0,196608.0,21475966976.0,
0.0,0.0,100.0,0.0,0.0,0.0,0.0,0.0,625.0,403.0,1194766336.0,32342016.0,4294008832.0,15509966848.0,0.0,0.0,196608.0,21475966976.0,
0.125,0.0,99.875,0.0,0.0,0.0,0.0,0.0,545.0,937.0,1194541056.0,32342016.0,4293218304.0,15510982656.0,0.0,0.0,196608.0,21475966976.0,
0.0,0.125,99.751,0.125,0.0,0.0,0.0,40960.0,1457.0,403.0,1194893312.0,32350208.0,4291907584.0,15511932928.0,0.0,0.0,196608.0,21475966976.0,
0.125,0.0,99.750,0.125,0.0,0.0,8495104.0,237568.0,625.0,403.0,1194840064.0,32362496.0,4295368704.0,15508512768.0,0.0,0.0,196608.0,21475966976.0,
0.0,0.125,99.875,0.0,0.0,0.0,0.0,0.0,895.0,7395.0,1195085824.0,32362496.0,4294098944.0,15509536768.0,0.0,0.0,196608.0,21475966976.0,
0.0,0.0,100.0,0.0,0.0,0.0,4259840.0,0.0,507.0,505.0,1194840064.0,32374784.0,4295340032.0,15508529152.0,0.0,0.0,196608.0,21475966976.0,
0.125,0.125,99.751,0.0,0.0,0.0,0.0,0.0,2097.0,403.0,1194795008.0,32374784.0,4294119424.0,15509794816.0,0.0,0.0,196608.0,21475966976.0,
0.0,0.0,100.0,0.0,0.0,0.0,4194304.0,49152.0,481.0,937.0,1194577920.0,32382976.0,4295409664.0,15508713472.0,0.0,0.0,196608.0,21475966976.0,
0.125,0.0,99.875,0.0,0.0,0.0,0.0,0.0,2545.0,403.0,1194848256.0,32382976.0,4294115328.0,15509737472.0,0.0,0.0,196608.0,21475966976.0,
0.0,0.125,99.751,0.0,0.0,0.125,0.0,0.0,521.0,3747.0,1194622976.0,32382976.0,4293324800.0,15510753280.0,0.0,0.0,196608.0,21475966976.0,
0.125,0.0,99.875,0.0,0.0,0.0,0.0,0.0,1825.0,937.0,1194807296.0,32382976.0,4292063232.0,15511830528.0,0.0,0.0,196608.0,21475966976.0,
0.0,0.0,99.625,0.375,0.0,0.0,8495104.0,0.0,1521.0,403.0,1194684416.0,32387072.0,4295532544.0,15508480000.0,0.0,0.0,196608.0,21475966976.0,
0.0,0.125,99.875,0.0,0.0,0.0,0.0,57344.0,369.0,403.0,1195102208.0,32395264.0,4294209536.0,15509377024.0,0.0,0.0,196608.0,21475966976.0,
0.125,0.0,99.875,0.0,0.0,0.0,4259840.0,0.0,2657.0,937.0,1194807296.0,32407552.0,4295507968.0,15508361216.0,0.0,0.0,196608.0,21475966976.0,
0.0,0.125,99.875,0.0,0.0,0.0,0.0,0.0,591.0,7361.0,1194807296.0,32407552.0,4294242304.0,15509626880.0,0.0,0.0,196608.0,21475966976.0,
0.0,0.0,100.0,0.0,0.0,0.0,4194304.0,0.0,689.0,403.0,1194582016.0,32407552.0,4295540736.0,15508553728.0,0.0,0.0,196608.0,21475966976.0,
0.125,0.0,99.875,0.0,0.0,0.0,0.0,0.0,489.0,1333.0,1194733568.0,32407552.0,4294238208.0,15509704704.0,0.0,0.0,196608.0,21475966976.0,
0.0,0.125,99.875,0.0,0.0,0.0,0.0,40960.0,1265.0,403.0,1194516480.0,32415744.0,4293439488.0,15510712320.0,0.0,0.0,196608.0,21475966976.0,
0.125,0.0,99.875,0.0,0.0,0.0,0.0,24576.0,911.0,403.0,1194700800.0,32423936.0,4292169728.0,15511789568.0,0.0,0.0,196608.0,21475966976.0,
0.0,0.125,99.252,0.623,0.0,0.0,8495104.0,0.0,2105.0,4781.0,1194635264.0,32428032.0,4295639040.0,15508381696.0,0.0,0.0,196608.0,21475966976.0,
0.0,0.0,100.0,0.0,0.0,0.0,0.0,0.0,241.0,403.0,1194897408.0,32428032.0,4294361088.0,15509397504.0,0.0,0.0,196608.0,21475966976.0,
0.0,0.0,100.0,0.0,0.0,0.0,4259840.0,0.0,305.0,403.0,1194721280.0,32440320.0,4295659520.0,15508262912.0,0.0,0.0,196608.0,21475966976.0,
0.125,0.125,99.751,0.0,0.0,0.0,0.0,0.0,417.0,937.0,1194852352.0,32440320.0,4294385664.0,15509405696.0,0.0,0.0,196608.0,21475966976.0,
0.0,0.0,100.0,0.0,0.0,0.0,4194304.0,106496.0,2237.0,467.0,1194696704.0,32456704.0,4295667712.0,15508262912.0,0.0,0.0,196608.0,21475966976.0,
0.125,0.125,99.751,0.0,0.0,0.0,0.0,0.0,783.0,7861.0,1194950656.0,32456704.0,4294381568.0,15509295104.0,0.0,0.0,196608.0,21475966976.0,
0.0,0.0,100.0,0.0,0.0,0.0,0.0,0.0,491.0,1039.0,1194725376.0,32456704.0,4293591040.0,15510310912.0,0.0,0.0,196608.0,21475966976.0,
0.0,0.0,100.0,0.0,0.0,0.0,0.0,0.0,241.0,403.0,1194754048.0,32456704.0,4292296704.0,15511576576.0,0.0,0.0,196608.0,21475966976.0,
0.749,0.250,98.377,0.624,0.0,0.0,8495104.0,49152.0,1777.0,467.0,1194696704.0,32468992.0,4295757824.0,15508160512.0,0.0,0.0,196608.0,21475966976.0,
0.0,0.0,100.0,0.0,0.0,0.0,0.0,49152.0,801.0,937.0,1194979328.0,32468992.0,4294459392.0,15509176320.0,0.0,0.0,196608.0,21475966976.0,
0.125,0.0,99.875,0.0,0.0,0.0,4259840.0,0.0,3017.0,4635.0,1194741760.0,32481280.0,4295757824.0,15508103168.0,0.0,0.0,196608.0,21475966976.0,
0.0,0.125,99.875,0.0,0.0,0.0,0.0,0.0,625.0,403.0,1194622976.0,32481280.0,4294483968.0,15509495808.0,0.0,0.0,196608.0,21475966976.0,
0.125,0.0,99.751,0.0,0.0,0.125,4194304.0,0.0,2145.0,937.0,1194524672.0,32481280.0,4295782400.0,15508295680.0,0.0,0.0,196608.0,21475966976.0,
0.0,0.0,100.0,0.0,0.0,0.0,0.0,40960.0,3624.0,531.0,1194803200.0,32489472.0,4294471680.0,15509319680.0,0.0,0.0,196608.0,21475966976.0,
0.125,0.0,99.875,0.0,0.0,0.0,0.0,81920.0,305.0,403.0,1194586112.0,32489472.0,4293681152.0,15510327296.0,0.0,0.0,196608.0,21475966976.0,
0.0,0.125,99.875,0.0,0.0,0.0,0.0,0.0,3263.0,6453.0,1194815488.0,32489472.0,4292435968.0,15511343104.0,0.0,0.0,196608.0,21475966976.0,
0.125,0.0,99.251,0.624,0.0,0.0,8495104.0,0.0,241.0,403.0,1195085824.0,32493568.0,4295507968.0,15507996672.0,0.0,0.0,196608.0,21475966976.0,
0.0,0.0,100.0,0.0,0.0,0.0,0.0,0.0,305.0,403.0,1194917888.0,32493568.0,4294651904.0,15509020672.0,0.0,0.0,196608.0,21475966976.0,
0.125,0.0,99.750,0.125,0.0,0.0,4259840.0,49152.0,353.0,937.0,1194688512.0,32514048.0,4295942144.0,15507939328.0,0.0,0.0,196608.0,21475966976.0,
0.0,0.0,100.0,0.0,0.0,0.0,0.0,114688.0,1969.0,467.0,1194811392.0,32522240.0,4294676480.0,15509073920.0,0.0,0.0,196608.0,21475966976.0,
0.125,0.125,99.751,0.0,0.0,0.0,4194304.0,0.0,1171.0,5259.0,1194586112.0,32522240.0,4295974912.0,15508000768.0,0.0,0.0,196608.0,21475966976.0,
0.0,0.0,100.0,0.0,0.0,0.0,0.0,0.0,2401.0,1001.0,1194872832.0,32522240.0,4294672384.0,15509016576.0,0.0,0.0,196608.0,21475966976.0,
0.125,0.0,99.875,0.0,0.0,0.0,0.0,0.0,177.0,403.0,1194647552.0,32522240.0,4293881856.0,15510032384.0,0.0,0.0,196608.0,21475966976.0,
0.0,0.125,99.875,0.0,0.0,0.0,0.0,40960.0,369.0,403.0,1194901504.0,32530432.0,4292603904.0,15511048192.0,0.0,0.0,196608.0,21475966976.0,
0.0,0.125,99.750,0.125,0.0,0.0,8495104.0,0.0,737.0,937.0,1195114496.0,32534528.0,4295782400.0,15507652608.0,0.0,0.0,196608.0,21475966976.0,
0.125,0.0,99.875,0.0,0.0,0.0,0.0,0.0,2545.0,481.0,1194962944.0,32534528.0,4294782976.0,15508803584.0,0.0,0.0,196608.0,21475966976.0,
0.0,0.0,100.0,0.0,0.0,0.0,4259840.0,0.0,699.0,505.0,1194725376.0,32546816.0,4296081408.0,15507730432.0,0.0,0.0,196608.0,21475966976.0,
0.0,0.125,99.875,0.0,0.0,0.0,0.0,0.0,417.0,937.0,1194856448.0,32546816.0,4294807552.0,15508873216.0,0.0,0.0,196608.0,21475966976.0,
0.125,0.0,99.875,0.0,0.0,0.0,4194304.0,90112.0,241.0,403.0,1194610688.0,32563200.0,4296118272.0,15507791872.0,0.0,0.0,196608.0,21475966976.0,
0.0,0.125,99.875,0.0,0.0,0.0,0.0,0.0,3215.0,403.0,1194745856.0,32563200.0,4294840320.0,15508934656.0,0.0,0.0,196608.0,21475966976.0,
0.125,0.0,99.875,0.0,0.0,0.0,0.0,0.0,353.0,937.0,1194520576.0,32563200.0,4294049792.0,15509950464.0,0.0,0.0,196608.0,21475966976.0,
0.0,0.0,100.0,0.0,0.0,0.0,0.0,0.0,3825.0,403.0,1194803200.0,32563200.0,4292751360.0,15510966272.0,0.0,0.0,196608.0,21475966976.0,
0.125,0.0,99.376,0.499,0.0,0.0,8495104.0,0.0,433.0,403.0,1195028480.0,32567296.0,4295864320.0,15507623936.0,0.0,0.0,196608.0,21475966976.0,
0.0,0.0,99.875,0.0,0.0,0.125,0.0,221184.0,1505.0,937.0,1194942464.0,32583680.0,4294918144.0,15508639744.0,0.0,0.0,196608.0,21475966976.0,
0.0,0.125,99.875,0.0,0.0,0.0,4259840.0,0.0,3773.0,403.0,1194762240.0,32595968.0,4296220672.0,15507505152.0,0.0,0.0,196608.0,21475966976.0,
0.125,0.125,99.751,0.0,0.0,0.0,0.0,0.0,305.0,481.0,1194627072.0,32595968.0,4295213056.0,15508647936.0,0.0,0.0,196608.0,21475966976.0,
0.0,0.0,100.0,0.0,0.0,0.0,4194304.0,0.0,1825.0,937.0,1194799104.0,32595968.0,4296114176.0,15507574784.0,0.0,0.0,196608.0,21475966976.0,
0.125,0.0,99.875,0.0,0.0,0.0,0.0,0.0,241.0,403.0,1194561536.0,32595968.0,4295208960.0,15508717568.0,0.0,0.0,196608.0,21475966976.0,
0.0,0.125,99.875,0.0,0.0,0.0,0.0,40960.0,433.0,403.0,1194741760.0,32604160.0,4294012928.0,15509725184.0,0.0,0.0,196608.0,21475966976.0,
0.0,0.0,100.0,0.0,0.0,0.0,0.0,24576.0,737.0,937.0,1194811392.0,32612352.0,4293046272.0,15510614016.0,0.0,0.0,196608.0,21475966976.0,
0.125,0.0,98.504,1.372,0.0,0.0,8429568.0,0.0,1841.0,403.0,1195192320.0,32616448.0,4295823360.0,15507451904.0,0.0,0.0,196608.0,21475966976.0,
0.0,0.125,99.875,0.0,0.0,0.0,65536.0,0.0,561.0,403.0,1194725376.0,32616448.0,4295335936.0,15508406272.0,0.0,0.0,196608.0,21475966976.0,
0.125,0.0,99.875,0.0,0.0,0.0,4259840.0,0.0,1577.0,1333.0,1194885120.0,32628736.0,4296237056.0,15507333120.0,0.0,0.0,196608.0,21475966976.0,
0.0,0.0,100.0,0.0,0.0,0.0,0.0,49152.0,241.0,403.0,1194622976.0,32636928.0,4295348224.0,15508475904.0,0.0,0.0,196608.0,21475966976.0,
0.125,0.125,99.626,0.0,0.0,0.125,4194304.0,57344.0,433.0,403.0,1194782720.0,32636928.0,4296253440.0,15507410944.0,0.0,0.0,196608.0,21475966976.0,
0.0,0.0,100.0,0.0,0.0,0.0,0.0,0.0,545.0,1015.0,1194536960.0,32636928.0,4295356416.0,15508553728.0,0.0,0.0,196608.0,21475966976.0,
0.0,0.0,100.0,0.0,0.0,0.0,0.0,0.0,1979.0,505.0,1194708992.0,32636928.0,4294168576.0,15509569536.0,0.0,0.0,196608.0,21475966976.0,
0.125,0.125,99.750,0.0,0.0,0.0,0.0,0.0,369.0,403.0,1194700800.0,32636928.0,4293160960.0,15510585344.0,0.0,0.0,196608.0,21475966976.0,
0.0,0.0,99.375,0.625,0.0,0.0,8429568.0,0.0,545.0,937.0,1195212800.0,32641024.0,4295933952.0,15507296256.0,0.0,0.0,196608.0,21475966976.0,
0.125,0.125,99.750,0.0,0.0,0.0,65536.0,212992.0,177.0,403.0,1194586112.0,32657408.0,4295409664.0,15508430848.0,0.0,0.0,196608.0,21475966976.0,
0.0,0.0,100.0,0.0,0.0,0.0,4259840.0,0.0,2465.0,15189.0,1194680320.0,32669696.0,4296310784.0,15507423232.0,0.0,0.0,196608.0,21475966976.0,
0.125,0.0,99.875,0.0,0.0,0.0,0.0,0.0,417.0,937.0,1194409984.0,32669696.0,4295438336.0,15508566016.0,0.0,0.0,196608.0,21475966976.0,
0.0,0.0,100.0,0.0,0.0,0.0,4194304.0,0.0,3377.0,403.0,1194573824.0,32669696.0,4296339456.0,15507501056.0,0.0,0.0,196608.0,21475966976.0,
0.0,0.125,99.875,0.0,0.0,0.0,0.0,40960.0,305.0,403.0,1194463232.0,32677888.0,4295426048.0,15508516864.0,0.0,0.0,196608.0,21475966976.0,
0.125,0.0,99.875,0.0,0.0,0.0,0.0,114688.0,2081.0,937.0,1194639360.0,32686080.0,4294234112.0,15509524480.0,0.0,0.0,196608.0,21475966976.0,
0.0,0.125,99.875,0.0,0.0,0.0,0.0,0.0,3273.0,3689.0,1194618880.0,32686080.0,4293242880.0,15510536192.0,0.0,0.0,196608.0,21475966976.0,
0.125,0.0,99.376,0.499,0.0,0.0,8429568.0,0.0,753.0,403.0,1194876928.0,32690176.0,4296015872.0,15507501056.0,0.0,0.0,196608.0,21475966976.0,
0.0,0.0,100.0,0.0,0.0,0.0,65536.0,0.0,1889.0,937.0,1194397696.0,32690176.0,4295532544.0,15508463616.0,0.0,0.0,196608.0,21475966976.0,
0.0,0.125,99.875,0.0,0.0,0.0,4259840.0,49152.0,354.0,806.0,1194627072.0,32710656.0,4296425472.0,15507320832.0,0.0,0.0,196608.0,21475966976.0,
0.125,0.0,99.875,0.0,0.0,0.0,0.0,0.0,1437.0,7681.0,1194364928.0,32710656.0,4295553024.0,15508455424.0,0.0,0.0,196608.0,21475966976.0,
0.0,0.0,100.0,0.0,0.0,0.0,4194304.0,0.0,561.0,403.0,1194409984.0,32710656.0,4296454144.0,15507509248.0,0.0,0.0,196608.0,21475966976.0,
0.125,0.0,99.875,0.0,0.0,0.0,0.0,0.0,2161.0,403.0,1194295296.0,32710656.0,4295553024.0,15508525056.0,0.0,0.0,196608.0,21475966976.0,
0.0,0.125,99.875,0.0,0.0,0.0,0.0,24576.0,609.0,937.0,1194467328.0,32718848.0,4294356992.0,15509540864.0,0.0,0.0,196608.0,21475966976.0,
0.0,0.0,99.875,0.0,0.125,0.0,0.0,73728.0,2033.0,403.0,1194536960.0,32727040.0,4293390336.0,15510429696.0,0.0,0.0,196608.0,21475966976.0,
0.125,0.0,99.252,0.499,0.0,0.125,8429568.0,0.0,1557.0,4189.0,1195020288.0,32731136.0,4296167424.0,15507165184.0,0.0,0.0,196608.0,21475966976.0,
0.125,0.0,99.875,0.0,0.0,0.0,65536.0,0.0,427.0,1039.0,1194504192.0,32731136.0,4295667712.0,15508180992.0,0.0,0.0,196608.0,21475966976.0,
0.0,0.0,100.0,0.0,0.0,0.0,4259840.0,0.0,305.0,403.0,1194725376.0,32743424.0,4296568832.0,15507046400.0,0.0,0.0,196608.0,21475966976.0,
0.125,0.125,99.750,0.0,0.0,0.0,0.0,0.0,1393.0,403.0,1194336256.0,32743424.0,4295688192.0,15508316160.0,0.0,0.0,196608.0,21475966976.0,
0.625,0.250,99.125,0.0,0.0,0.0,4194304.0,49152.0,545.0,937.0,1194704896.0,32751616.0,4296581120.0,15507046400.0,0.0,0.0,196608.0,21475966976.0,
0.0,0.0,100.0,0.0,0.0,0.0,0.0,24576.0,1103.0,7647.0,1194586112.0,32759808.0,4295675904.0,15508062208.0,0.0,0.0,196608.0,21475966976.0,
0.125,0.125,99.751,0.0,0.0,0.0,0.0,0.0,433.0,403.0,1194631168.0,32759808.0,4294492160.0,15509200896.0,0.0,0.0,196608.0,21475966976.0,
0.0,0.0,100.0,0.0,0.0,0.0,0.0,0.0,2785.0,937.0,1194704896.0,32759808.0,4293529600.0,15510089728.0,0.0,0.0,196608.0,21475966976.0,
0.0,0.125,99.251,0.624,0.0,0.0,8429568.0,0.0,433.0,403.0,1195012096.0,32763904.0,4296302592.0,15507005440.0,0.0,0.0,196608.0,21475966976.0,
0.0,0.0,100.0,0.0,0.0,0.0,65536.0,49152.0,2545.0,403.0,1194532864.0,32772096.0,4295819264.0,15507959808.0,0.0,0.0,196608.0,21475966976.0,
0.125,0.125,99.626,0.125,0.0,0.0,4259840.0,0.0,761.0,5223.0,1194749952.0,32784384.0,4296663040.0,15506886656.0,0.0,0.0,196608.0,21475966976.0,
0.0,0.0,100.0,0.0,0.0,0.0,0.0,0.0,1585.0,403.0,1194418176.0,32784384.0,4295852032.0,15508029440.0,0.0,0.0,196608.0,21475966976.0,
1.750,0.750,93.125,4.125,0.0,0.250,4997120.0,0.0,2519734.0,133217.0,1201471488.0,32935936.0,4299444224.0,15497232384.0,0.0,0.0,196608.0,21475966976.0,
17.728,2.622,74.782,4.370,0.0,0.499,90112.0,0.0,6858989.0,441304.0,1270423552.0,32993280.0,4304494592.0,15423172608.0,0.0,0.0,196608.0,21475966976.0,
52.816,2.628,42.178,2.003,0.125,0.250,16384.0,49152.0,3482655.0,186088.0,1407909888.0,33021952.0,4306870272.0,15283281920.0,0.0,0.0,196608.0,21475966976.0,
62.159,3.474,28.412,5.459,0.0,0.496,57344.0,2228224.0,6715533.0,353967.0,1587011584.0,33050624.0,4312358912.0,15098662912.0,0.0,0.0,196608.0,21475966976.0,
90.920,2.699,5.767,0.491,0.0,0.123,8429568.0,0.0,2648992.0,125968.0,1727053824.0,33083392.0,4318400512.0,14952546304.0,0.0,0.0,196608.0,21475966976.0,
88.525,4.540,5.675,0.631,0.0,0.631,131072.0,0.0,4775413.0,283711.0,1889820672.0,33112064.0,4322004992.0,14786146304.0,0.0,0.0,196608.0,21475966976.0,
92.317,3.594,3.717,0.124,0.124,0.124,4259840.0,0.0,2211919.0,111598.0,2066268160.0,33136640.0,4324155392.0,14607523840.0,0.0,0.0,196608.0,21475966976.0,
83.895,4.869,10.861,0.0,0.0,0.375,0.0,57344.0,3548169.0,152103.0,2272854016.0,33165312.0,4323274752.0,14401789952.0,0.0,0.0,196608.0,21475966976.0,
93.250,2.375,4.125,0.0,0.0,0.250,4194304.0,2629632.0,6559395.0,99717.0,2374422528.0,33185792.0,4324151296.0,14299324416.0,0.0,0.0,196608.0,21475966976.0,
71.951,3.293,24.512,0.0,0.122,0.122,0.0,0.0,1967317.0,60949.0,2552270848.0,33185792.0,4323561472.0,14122065920.0,0.0,0.0,196608.0,21475966976.0,
49.562,1.126,49.186,0.0,0.0,0.125,0.0,0.0,2529324.0,75471.0,2586202112.0,33193984.0,4322775040.0,14088912896.0,0.0,0.0,196608.0,21475966976.0,
13.858,0.749,85.144,0.0,0.0,0.250,0.0,0.0,9741776.0,103357.0,2604314624.0,33193984.0,4322009088.0,14071566336.0,0.0,0.0,196608.0,21475966976.0,
3.745,0.499,95.256,0.125,0.0,0.375,8429568.0,49152.0,16115432.0,227497.0,2604654592.0,33206272.0,4324958208.0,14068264960.0,0.0,0.0,196608.0,21475966976.0,
1.998,0.250,97.503,0.125,0.0,0.125,65536.0,1744896.0,11252091.0,127092.0,2604818432.0,33218560.0,4323782656.0,14069264384.0,0.0,0.0,196608.0,21475966976.0,
1.125,0.375,98.250,0.0,0.125,0.125,4259840.0,0.0,11896054.0,114119.0,2605101056.0,33230848.0,4324749312.0,14068002816.0,0.0,0.0,196608.0,21475966976.0,
4.239,0.374,95.137,0.0,0.0,0.249,0.0,0.0,12645090.0,121530.0,2605105152.0,33230848.0,4324933632.0,14067814400.0,0.0,0.0,196608.0,21475966976.0,
2.122,0.499,97.253,0.0,0.0,0.125,0.0,0.0,12444625.0,127273.0,2604982272.0,33230848.0,4324085760.0,14068785152.0,0.0,0.0,196608.0,21475966976.0,
2.247,0.250,97.253,0.0,0.0,0.250,4194304.0,73728.0,6707774.0,70466.0,2605096960.0,33239040.0,4324970496.0,14067777536.0,0.0,0.0,196608.0,21475966976.0,
2.625,0.500,96.750,0.0,0.0,0.125,0.0,49152.0,12409253.0,93960.0,2604720128.0,33247232.0,4324069376.0,14069047296.0,0.0,0.0,196608.0,21475966976.0,
1.625,0.125,98.125,0.0,0.0,0.125,0.0,0.0,7414965.0,88933.0,2601713664.0,33247232.0,4322885632.0,14073237504.0,0.0,0.0,196608.0,21475966976.0,
0.749,0.125,98.876,0.0,0.0,0.250,0.0,0.0,5433186.0,75856.0,2601533440.0,33247232.0,4321988608.0,14074314752.0,0.0,0.0,196608.0,21475966976.0,
4.500,0.625,94.250,0.500,0.0,0.125,8495104.0,0.0,14984506.0,145227.0,2604003328.0,33251328.0,4325031936.0,14068797440.0,0.0,0.0,196608.0,21475966976.0,
1.625,0.250,98.0,0.0,0.0,0.125,0.0,49152.0,3982538.0,55055.0,2618998784.0,33259520.0,4324130816.0,14054694912.0,0.0,0.0,196608.0,21475966976.0,
2.122,0.375,97.129,0.0,0.125,0.250,4259840.0,0.0,13947897.0,135384.0,2623025152.0,33271808.0,4325101568.0,14049685504.0,0.0,0.0,196608.0,21475966976.0,
2.993,0.499,96.384,0.0,0.0,0.125,0.0,0.0,5918660.0,63385.0,2637021184.0,33271808.0,4324159488.0,14036631552.0,0.0,0.0,196608.0,21475966976.0,
0.999,0.375,98.377,0.0,0.0,0.250,4194304.0,0.0,6396254.0,71435.0,2654584832.0,33271808.0,4325056512.0,14018170880.0,0.0,0.0,196608.0,21475966976.0,
2.879,0.626,96.370,0.0,0.0,0.125,0.0,0.0,14774842.0,146276.0,2688999424.0,33271808.0,4324163584.0,13984649216.0,0.0,0.0,196608.0,21475966976.0,
3.496,0.499,95.880,0.0,0.0,0.125,0.0,40960.0,9291175.0,90399.0,2722070528.0,33280000.0,4322955264.0,13952778240.0,0.0,0.0,196608.0,21475966976.0,
0.624,0.125,99.001,0.0,0.0,0.250,0.0,40960.0,10845392.0,103562.0,2722062336.0,33288192.0,4322050048.0,13953683456.0,0.0,0.0,196608.0,21475966976.0,
2.122,0.624,96.754,0.250,0.0,0.250,8495104.0,0.0,6927787.0,76801.0,2737836032.0,33292288.0,4325113856.0,13934841856.0,0.0,0.0,196608.0,21475966976.0,
6.0,1.500,92.250,0.0,0.0,0.250,0.0,0.0,17996137.0,167530.0,2853109760.0,33292288.0,4324216832.0,13820465152.0,0.0,0.0,196608.0,21475966976.0,
0.623,0.374,98.753,0.0,0.0,0.249,4259840.0,0.0,10305911.0,100205.0,2853326848.0,33304576.0,4325146624.0,13819305984.0,0.0,0.0,196608.0,21475966976.0,
3.500,0.625,95.375,0.125,0.125,0.250,0.0,0.0,16645783.0,160963.0,2905022464.0,33304576.0,4324249600.0,13768507392.0,0.0,0.0,196608.0,21475966976.0,
2.247,0.499,97.129,0.0,0.0,0.125,4194304.0,270336.0,5359034.0,87873.0,2926403584.0,33312768.0,4325146624.0,13746221056.0,0.0,0.0,196608.0,21475966976.0,
0.875,0.250,98.750,0.0,0.0,0.125,0.0,0.0,7036197.0,115885.0,2926809088.0,33312768.0,4324249600.0,13746712576.0,0.0,0.0,196608.0,21475966976.0,
1.998,0.250,97.628,0.0,0.0,0.125,0.0,0.0,6434518.0,102081.0,2926739456.0,33312768.0,4323049472.0,13747982336.0,0.0,0.0,196608.0,21475966976.0,
2.247,0.499,97.129,0.0,0.0,0.125,0.0,0.0,6463916.0,58391.0,2947690496.0,33312768.0,4322152448.0,13727928320.0,0.0,0.0,196608.0,21475966976.0,
1.625,0.500,96.875,0.625,0.0,0.375,8495104.0,57344.0,25659631.0,292915.0,2948685824.0,33325056.0,4325212160.0,13723860992.0,0.0,0.0,196608.0,21475966976.0,
1.875,0.500,97.375,0.0,0.0,0.250,0.0,589824.0,16367816.0,183151.0,2948550656.0,33333248.0,4324311040.0,13724889088.0,0.0,0.0,196608.0,21475966976.0,
6.858,0.873,91.521,0.125,0.125,0.499,4259840.0,0.0,24138282.0,240495.0,2969747456.0,33345536.0,4325253120.0,13702737920.0,0.0,0.0,196608.0,21475966976.0,
0.874,0.375,98.627,0.0,0.0,0.125,0.0,0.0,12936291.0,112945.0,2970140672.0,33345536.0,4324356096.0,13703241728.0,0.0,0.0,196608.0,21475966976.0,
2.503,0.375,96.996,0.0,0.0,0.125,4194304.0,0.0,7930005.0,93595.0,2987581440.0,33345536.0,4325253120.0,13684903936.0,0.0,0.0,196608.0,21475966976.0,
10.599,2.993,85.661,0.374,0.0,0.374,0.0,73728.0,6404392.0,125175.0,3304247296.0,33353728.0,4324933632.0,13368549376.0,0.0,0.0,196608.0,21475966976.0,
1.248,0.250,98.377,0.0,0.0,0.125,0.0,335872.0,4575023.0,93667.0,3304796160.0,33361920.0,4323880960.0,13369044992.0,0.0,0.0,196608.0,21475966976.0,
2.125,0.375,97.500,0.0,0.0,0.0,0.0,0.0,2927976.0,39279.0,3304554496.0,33361920.0,4322983936.0,13370183680.0,0.0,0.0,196608.0,21475966976.0,
7.865,1.748,89.638,0.624,0.0,0.125,8495104.0,0.0,3939968.0,43551.0,3470295040.0,33366016.0,4326027264.0,13201395712.0,0.0,0.0,196608.0,21475966976.0,
0.500,0.250,99.0,0.0,0.0,0.250,0.0,0.0,10977555.0,95199.0,3470807040.0,33366016.0,4325130240.0,13201780736.0,0.0,0.0,196608.0,21475966976.0,
1.621,0.374,97.756,0.0,0.125,0.125,4259840.0,0.0,8983637.0,85405.0,3470692352.0,33378304.0,4326047744.0,13200965632.0,0.0,0.0,196608.0,21475966976.0,
4.869,1.124,93.758,0.125,0.0,0.125,0.0,450560.0,7567191.0,73204.0,3544338432.0,33394688.0,4325138432.0,13128212480.0,0.0,0.0,196608.0,21475966976.0,
1.854,0.742,97.033,0.0,0.0,0.371,4194304.0,0.0,18064307.0,160997.0,3609366528.0,33394688.0,4325154816.0,13063168000.0,0.0,0.0,196608.0,21475966976.0,
2.750,0.625,96.250,0.0,0.0,0.375,0.0,0.0,26495368.0,237271.0,3615387648.0,33394688.0,4323958784.0,13058342912.0,0.0,0.0,196608.0,21475966976.0,
4.0,0.250,95.750,0.0,0.0,0.0,0.0,0.0,1056160.0,21152.0,3620364288.0,33394688.0,4323061760.0,13054263296.0,0.0,0.0,196608.0,21475966976.0,
0.998,0.374,98.504,0.125,0.0,0.0,0.0,40960.0,954075.0,14875.0,3620667392.0,33402880.0,4321857536.0,13055156224.0,0.0,0.0,196608.0,21475966976.0,
1.877,0.125,97.747,0.250,0.0,0.0,8495104.0,32768.0,235020.0,13481.0,3621281792.0,33415168.0,4325199872.0,13051187200.0,0.0,0.0,196608.0,21475966976.0,
4.250,1.0,94.750,0.0,0.0,0.0,2260992.0,0.0,160575.0,12857.0,3735093248.0,33427456.0,4326092800.0,12936470528.0,0.0,0.0,196608.0,21475966976.0,
0.125,0.125,99.626,0.0,0.0,0.125,1998848.0,0.0,159018.0,11465.0,3735064576.0,33427456.0,4325228544.0,12937363456.0,0.0,0.0,196608.0,21475966976.0,
2.128,0.250,97.622,0.0,0.0,0.0,2097152.0,0.0,2194816.0,31090.0,3735351296.0,33427456.0,4326125568.0,12936179712.0,0.0,0.0,196608.0,21475966976.0,
1.621,0.374,97.880,0.0,0.0,0.125,2097152.0,49152.0,2987373.0,39041.0,3735879680.0,33435648.0,4325220352.0,12936548352.0,0.0,0.0,196608.0,21475966976.0,
0.125,0.0,99.875,0.0,0.0,0.0,0.0,0.0,231892.0,13181.0,3735928832.0,33435648.0,4324024320.0,12937695232.0,0.0,0.0,196608.0,21475966976.0,
0.875,0.250,98.875,0.0,0.0,0.0,0.0,0.0,262088.0,15592.0,3735666688.0,33435648.0,4323135488.0,12938846208.0,0.0,0.0,196608.0,21475966976.0,
2.120,0.499,97.007,0.249,0.0,0.125,0.0,0.0,6874724.0,62427.0,3735846912.0,33435648.0,4321939456.0,12939862016.0,0.0,0.0,196608.0,21475966976.0,
0.499,0.375,98.127,0.624,0.0,0.375,8495104.0,0.0,12638337.0,129965.0,3735650304.0,33439744.0,4325281792.0,12936712192.0,0.0,0.0,196608.0,21475966976.0,
1.375,0.375,98.0,0.0,0.0,0.250,4259840.0,0.0,9557654.0,118714.0,3735879680.0,33452032.0,4326182912.0,12935569408.0,0.0,0.0,196608.0,21475966976.0,
3.870,0.749,95.006,0.125,0.125,0.125,0.0,147456.0,10223325.0,109103.0,3771027456.0,33468416.0,4325318656.0,12901269504.0,0.0,0.0,196608.0,21475966976.0,
0.625,0.250,98.875,0.0,0.0,0.250,3145728.0,0.0,19390407.0,174076.0,3771080704.0,33468416.0,4326215680.0,12900319232.0,0.0,0.0,196608.0,21475966976.0,
1.623,0.624,97.503,0.0,0.0,0.250,1048576.0,0.0,22673931.0,194862.0,3770818560.0,33468416.0,4325318656.0,12901478400.0,0.0,0.0,196608.0,21475966976.0,
3.121,0.375,96.504,0.0,0.0,0.0,0.0,0.0,228500.0,14337.0,3788447744.0,33468416.0,4324421632.0,12884746240.0,0.0,0.0,196608.0,21475966976.0,
0.0,0.125,99.875,0.0,0.0,0.0,0.0,40960.0,242291.0,14478.0,3788742656.0,33476608.0,4323213312.0,12885651456.0,0.0,0.0,196608.0,21475966976.0,
0.999,0.250,98.627,0.125,0.0,0.0,4161536.0,122880.0,841262.0,35420.0,3788914688.0,33480704.0,4326199296.0,12882489344.0,0.0,0.0,196608.0,21475966976.0,
1.248,0.375,98.252,0.0,0.0,0.125,4333568.0,0.0,805315.0,22481.0,3788640256.0,33480704.0,4325371904.0,12883591168.0,0.0,0.0,196608.0,21475966976.0,
0.250,0.125,99.625,0.0,0.0,0.0,4259840.0,0.0,1430136.0,30691.0,3788800000.0,33492992.0,4326260736.0,12882530304.0,0.0,0.0,196608.0,21475966976.0,
0.999,0.250,98.752,0.0,0.0,0.0,0.0,0.0,2077826.0,34282.0,3788640256.0,33492992.0,4325400576.0,12883550208.0,0.0,0.0,196608.0,21475966976.0,
1.373,0.125,98.377,0.0,0.0,0.125,0.0,0.0,1977924.0,25379.0,3788627968.0,33492992.0,4325412864.0,12883550208.0,0.0,0.0,196608.0,21475966976.0,
0.375,0.125,99.376,0.125,0.0,0.0,4194304.0,532480.0,538517.0,45220.0,3789037568.0,33509376.0,4326309888.0,12882227200.0,0.0,0.0,196608.0,21475966976.0,
0.876,0.125,98.999,0.0,0.0,0.0,0.0,0.0,898544.0,20282.0,3788914688.0,33509376.0,4325412864.0,12883247104.0,0.0,0.0,196608.0,21475966976.0,
1.748,0.250,98.002,0.0,0.0,0.0,0.0,0.0,1352494.0,16281.0,3788853248.0,33509376.0,4324212736.0,12884508672.0,0.0,0.0,196608.0,21475966976.0,
0.624,0.250,99.126,0.0,0.0,0.0,0.0,0.0,1009167.0,18204.0,3788652544.0,33509376.0,4323315712.0,12885606400.0,0.0,0.0,196608.0,21475966976.0,
1.373,0.125,98.127,0.250,0.0,0.125,8495104.0,49152.0,875168.0,18322.0,3788644352.0,33521664.0,4326453248.0,12882464768.0,0.0,0.0,196608.0,21475966976.0,
1.124,0.375,98.377,0.0,0.125,0.0,0.0,286720.0,671744.0,20883.0,3788791808.0,33529856.0,4325416960.0,12883345408.0,0.0,0.0,196608.0,21475966976.0,
1.373,0.250,98.377,0.0,0.0,0.0,4259840.0,0.0,859875.0,27024.0,3788636160.0,33542144.0,4326383616.0,12882522112.0,0.0,0.0,196608.0,21475966976.0,
1.750,0.250,98.0,0.0,0.0,0.0,0.0,0.0,615718.0,19372.0,3788517376.0,33542144.0,4325486592.0,12883537920.0,0.0,0.0,196608.0,21475966976.0,
0.999,0.125,98.752,0.0,0.0,0.125,4194304.0,0.0,916590.0,23211.0,3788627968.0,33542144.0,4326383616.0,12882530304.0,0.0,0.0,196608.0,21475966976.0,
0.750,0.250,99.0,0.0,0.0,0.0,0.0,40960.0,1004485.0,31014.0,3788640256.0,33550336.0,4325478400.0,12883415040.0,0.0,0.0,196608.0,21475966976.0,
7.366,0.874,91.760,0.0,0.0,0.0,0.0,180224.0,1043753.0,40291.0,3861528576.0,33558528.0,4324327424.0,12811669504.0,0.0,0.0,196608.0,21475966976.0,
2.875,0.250,96.750,0.0,0.0,0.125,0.0,0.0,1541541.0,26332.0,3861921792.0,33558528.0,4323430400.0,12812173312.0,0.0,0.0,196608.0,21475966976.0,
0.749,0.125,98.252,0.749,0.0,0.125,8495104.0,0.0,1379751.0,25484.0,3862077440.0,33562624.0,4326473728.0,12808970240.0,0.0,0.0,196608.0,21475966976.0,
1.748,0.375,97.878,0.0,0.0,0.0,0.0,0.0,1364191.0,22685.0,3861946368.0,33562624.0,4325576704.0,12809998336.0,0.0,0.0,196608.0,21475966976.0,
3.125,0.250,96.625,0.0,0.0,0.0,4259840.0,57344.0,1432355.0,25073.0,3862233088.0,33583104.0,4326522880.0,12808744960.0,0.0,0.0,196608.0,21475966976.0,
3.620,0.250,96.005,0.0,0.0,0.125,0.0,0.0,1317321.0,24092.0,3861970944.0,33583104.0,4325625856.0,12809904128.0,0.0,0.0,196608.0,21475966976.0,
5.993,0.624,93.383,0.0,0.0,0.0,4194304.0,0.0,1526481.0,18243.0,3912028160.0,33583104.0,4326531072.0,12758941696.0,0.0,0.0,196608.0,21475966976.0,
0.500,0.125,99.375,0.0,0.0,0.0,0.0,0.0,1335523.0,22635.0,3911909376.0,33583104.0,4325634048.0,12759957504.0,0.0,0.0,196608.0,21475966976.0,
3.491,0.374,96.010,0.0,0.0,0.125,0.0,0.0,1385695.0,27304.0,3911942144.0,33583104.0,4324458496.0,12761100288.0,0.0,0.0,196608.0,21475966976.0,
3.504,0.250,96.245,0.0,0.0,0.0,0.0,40960.0,2011299.0,25931.0,3911950336.0,33591296.0,4323553280.0,12761989120.0,0.0,0.0,196608.0,21475966976.0,
2.120,0.125,97.257,0.374,0.0,0.125,8495104.0,24576.0,2304609.0,38866.0,3911987200.0,33603584.0,4326567936.0,12758925312.0,0.0,0.0,196608.0,21475966976.0,
2.122,0.375,97.378,0.0,0.0,0.125,0.0,0.0,5116865.0,62024.0,3911856128.0,33603584.0,4325675008.0,12759949312.0,0.0,0.0,196608.0,21475966976.0,
1.0,0.250,98.750,0.0,0.0,0.0,4259840.0,0.0,3319101.0,36551.0,3912019968.0,33615872.0,4326625280.0,12758822912.0,0.0,0.0,196608.0,21475966976.0,
0.749,0.125,99.001,0.0,0.0,0.125,0.0,0.0,2458615.0,32684.0,3911761920.0,33615872.0,4325732352.0,12759973888.0,0.0,0.0,196608.0,21475966976.0,
1.621,0.374,97.756,0.0,0.125,0.125,4194304.0,49152.0,1925975.0,28914.0,3912019968.0,33624064.0,4326621184.0,12758818816.0,0.0,0.0,196608.0,21475966976.0,
1.375,0.250,98.375,0.0,0.0,0.0,0.0,0.0,2267383.0,31379.0,3911897088.0,33624064.0,4325724160.0,12759838720.0,0.0,0.0,196608.0,21475966976.0,
1.248,0.125,98.627,0.0,0.0,0.0,0.0,0.0,2206343.0,32843.0,3911929856.0,33624064.0,4324544512.0,12760985600.0,0.0,0.0,196608.0,21475966976.0,
1.375,0.250,98.250,0.0,0.0,0.125,0.0,0.0,1090031.0,30144.0,3911811072.0,33624064.0,4323647488.0,12762001408.0,0.0,0.0,196608.0,21475966976.0,
1.122,0.249,97.880,0.623,0.0,0.125,8495104.0,24576.0,2177757.0,33821.0,3911933952.0,33636352.0,4326658048.0,12758855680.0,0.0,0.0,196608.0,21475966976.0,
0.876,0.250,98.874,0.0,0.0,0.0,0.0,81920.0,2554420.0,32089.0,3911823360.0,33644544.0,4325752832.0,12759863296.0,0.0,0.0,196608.0,21475966976.0,
2.369,0.374,97.007,0.125,0.0,0.125,4259840.0,122880.0,2475630.0,61504.0,3911831552.0,33656832.0,4326711296.0,12758884352.0,0.0,0.0,196608.0,21475966976.0,
1.125,0.250,98.625,0.0,0.0,0.0,0.0,0.0,1994132.0,40483.0,3911708672.0,33656832.0,4325818368.0,12759900160.0,0.0,0.0,196608.0,21475966976.0,
0.999,0.250,98.627,0.0,0.0,0.125,4194304.0,0.0,1936774.0,36359.0,3911884800.0,33656832.0,4326715392.0,12758827008.0,0.0,0.0,196608.0,21475966976.0,
2.250,0.250,97.500,0.0,0.0,0.0,0.0,163840.0,2361763.0,38546.0,3911761920.0,33665024.0,4325810176.0,12759846912.0,0.0,0.0,196608.0,21475966976.0,
1.248,0.250,98.377,0.0,0.0,0.125,0.0,40960.0,2770637.0,40617.0,3912060928.0,33673216.0,4324614144.0,12760735744.0,0.0,0.0,196608.0,21475966976.0,
1.122,0.249,98.379,0.0,0.125,0.125,0.0,262144.0,2590983.0,52703.0,3912060928.0,33673216.0,4323717120.0,12761632768.0,0.0,0.0,196608.0,21475966976.0,
2.003,0.250,97.372,0.375,0.0,0.0,8495104.0,0.0,2925733.0,45578.0,3912265728.0,33677312.0,4326768640.0,12758372352.0,0.0,0.0,196608.0,21475966976.0,
1.247,0.249,98.379,0.0,0.0,0.125,0.0,0.0,2831395.0,39710.0,3912019968.0,33677312.0,4325871616.0,12759515136.0,0.0,0.0,196608.0,21475966976.0,
2.875,0.250,96.750,0.0,0.0,0.125,4259840.0,0.0,4602797.0,49260.0,3912454144.0,33689600.0,4326825984.0,12758114304.0,0.0,0.0,196608.0,21475966976.0,
3.375,0.625,96.0,0.0,0.0,0.0,0.0,49152.0,3371976.0,44219.0,3911708672.0,33697792.0,4325920768.0,12759756800.0,0.0,0.0,196608.0,21475966976.0,
0.624,0.250,99.001,0.0,0.0,0.125,4194304.0,303104.0,2909973.0,41585.0,3912105984.0,33705984.0,4326825984.0,12758446080.0,0.0,0.0,196608.0,21475966976.0,
0.874,0.250,98.752,0.0,0.0,0.125,0.0,0.0,3141265.0,47361.0,3911856128.0,33705984.0,4325928960.0,12759592960.0,0.0,0.0,196608.0,21475966976.0,
6.125,1.250,92.625,0.0,0.0,0.0,0.0,0.0,3146827.0,47927.0,4011597824.0,33705984.0,4324728832.0,12661051392.0,0.0,0.0,196608.0,21475966976.0,
5.993,0.499,93.258,0.0,0.0,0.250,0.0,0.0,2828765.0,44309.0,4036866048.0,33705984.0,4323831808.0,12636680192.0,0.0,0.0,196608.0,21475966976.0,
0.749,0.375,98.377,0.375,0.0,0.125,8495104.0,57344.0,3726385.0,52775.0,4037648384.0,33718272.0,4326887424.0,12632829952.0,0.0,0.0,196608.0,21475966976.0,
1.373,0.499,98.002,0.0,0.0,0.125,0.0,131072.0,5563996.0,59240.0,4038017024.0,33726464.0,4325982208.0,12633358336.0,0.0,0.0,196608.0,21475966976.0,
0.875,0.250,98.750,0.0,0.0,0.125,4259840.0,0.0,5402818.0,56078.0,4037980160.0,33738752.0,4327075840.0,12632289280.0,0.0,0.0,196608.0,21475966976.0,
2.250,0.250,97.375,0.0,0.0,0.125,0.0,0.0,5361061.0,55354.0,4038496256.0,33738752.0,4325883904.0,12632965120.0,0.0,0.0,196608.0,21475966976.0,
3.870,0.499,95.381,0.0,0.0,0.250,4194304.0,0.0,8223830.0,70403.0,4038594560.0,33738752.0,4327104512.0,12631646208.0,0.0,0.0,196608.0,21475966976.0,
2.747,0.499,96.504,0.0,0.125,0.125,0.0,40960.0,10472601.0,76647.0,4056797184.0,33746944.0,4325916672.0,12614623232.0,0.0,0.0,196608.0,21475966976.0,
2.122,0.125,97.503,0.0,0.0,0.250,0.0,98304.0,7898011.0,76202.0,4056813568.0,33755136.0,4325015552.0,12615499776.0,0.0,0.0,196608.0,21475966976.0,
2.247,0.749,96.754,0.0,0.0,0.250,0.0,0.0,15091227.0,107291.0,4057116672.0,33759232.0,4323815424.0,12616392704.0,0.0,0.0,196608.0,21475966976.0,
1.625,0.375,97.375,0.500,0.0,0.125,8495104.0,0.0,19005186.0,108219.0,4057645056.0,33763328.0,4326744064.0,12612931584.0,0.0,0.0,196608.0,21475966976.0,
1.373,0.375,97.878,0.0,0.0,0.375,0.0,0.0,17541396.0,106455.0,4058230784.0,33763328.0,4325769216.0,12613320704.0,0.0,0.0,196608.0,21475966976.0,
3.750,0.500,95.625,0.0,0.125,0.0,4259840.0,0.0,9549566.0,75673.0,4058783744.0,33775616.0,4326969344.0,12611555328.0,0.0,0.0,196608.0,21475966976.0,
1.746,0.374,97.631,0.125,0.0,0.125,0.0,81920.0,5416498.0,48167.0,4059181056.0,33783808.0,4326174720.0,12611944448.0,0.0,0.0,196608.0,21475966976.0,
1.625,0.125,98.125,0.0,0.0,0.125,4194304.0,90112.0,7131181.0,69561.0,4059197440.0,33796096.0,4327346176.0,12610744320.0,0.0,0.0,196608.0,21475966976.0,
2.622,0.499,96.754,0.0,0.0,0.125,0.0,0.0,12109517.0,92025.0,4058812416.0,33796096.0,4326453248.0,12612022272.0,0.0,0.0,196608.0,21475966976.0,
2.747,0.250,96.879,0.0,0.0,0.125,0.0,0.0,9098590.0,71013.0,4059475968.0,33796096.0,4325154816.0,12612657152.0,0.0,0.0,196608.0,21475966976.0,
3.625,0.750,95.500,0.0,0.0,0.125,0.0,40960.0,6242955.0,52205.0,4131254272.0,33804288.0,4323962880.0,12542062592.0,0.0,0.0,196608.0,21475966976.0,
4.245,0.874,94.132,0.375,0.125,0.250,8429568.0,573440.0,10756822.0,102821.0,4132843520.0,33832960.0,4327014400.0,12537393152.0,0.0,0.0,196608.0,21475966976.0,
2.375,0.250,97.250,0.0,0.0,0.125,65536.0,0.0,10756980.0,73499.0,4132859904.0,33832960.0,4326223872.0,12538167296.0,0.0,0.0,196608.0,21475966976.0,
3.620,0.125,96.130,0.0,0.0,0.125,4259840.0,0.0,961665.0,34017.0,4132982784.0,33845248.0,4327297024.0,12536958976.0,0.0,0.0,196608.0,21475966976.0,
2.122,0.375,97.503,0.0,0.0,0.0,0.0,0.0,1046325.0,41014.0,4133150720.0,33845248.0,4326105088.0,12537982976.0,0.0,0.0,196608.0,21475966976.0,
1.124,0.250,98.502,0.125,0.0,0.0,4194304.0,57344.0,1263515.0,27719.0,4133003264.0,33853440.0,4327432192.0,12536795136.0,0.0,0.0,196608.0,21475966976.0,
0.624,0.125,99.126,0.0,0.0,0.125,0.0,466944.0,896991.0,55471.0,4133044224.0,33861632.0,4326232064.0,12537946112.0,0.0,0.0,196608.0,21475966976.0,
1.500,0.375,98.125,0.0,0.0,0.0,0.0,0.0,2804528.0,58286.0,4132528128.0,33861632.0,4325351424.0,12539342848.0,0.0,0.0,196608.0,21475966976.0,
0.624,0.250,99.001,0.0,0.0,0.125,0.0,0.0,1605771.0,37309.0,4132917248.0,33861632.0,4324454400.0,12539850752.0,0.0,0.0,196608.0,21475966976.0,
1.875,0.125,97.250,0.750,0.0,0.0,8429568.0,0.0,4326771.0,54655.0,4133478400.0,33865728.0,4326928384.0,12536811520.0,0.0,0.0,196608.0,21475966976.0,
1.373,0.499,98.002,0.0,0.0,0.125,65536.0,57344.0,4985125.0,68576.0,4132831232.0,33873920.0,4326424576.0,12537954304.0,0.0,0.0,196608.0,21475966976.0,
0.499,0.249,99.002,0.0,0.125,0.125,4259840.0,409600.0,2291319.0,45569.0,4132712448.0,33894400.0,4327403520.0,12537073664.0,0.0,0.0,196608.0,21475966976.0,
0.749,0.250,98.876,0.0,0.0,0.125,0.0,0.0,4120065.0,55495.0,4132593664.0,33894400.0,4326506496.0,12538089472.0,0.0,0.0,196608.0,21475966976.0,
1.502,0.250,98.248,0.0,0.0,0.0,4194304.0,0.0,4628433.0,59872.0,4132839424.0,33894400.0,4327448576.0,12536901632.0,0.0,0.0,196608.0,21475966976.0,
2.996,0.375,96.504,0.0,0.0,0.125,0.0,0.0,7074380.0,75708.0,4131504128.0,33894400.0,4326653952.0,12539031552.0,0.0,0.0,196608.0,21475966976.0,
6.367,0.999,92.509,0.0,0.0,0.125,0.0,40960.0,3979022.0,67456.0,4194033664.0,33902592.0,4325462016.0,12477685760.0,0.0,0.0,196608.0,21475966976.0,
1.250,0.500,98.125,0.0,0.0,0.125,0.0,172032.0,5581607.0,63895.0,4194529280.0,33910784.0,4324560896.0,12478083072.0,0.0,0.0,196608.0,21475966976.0,
2.122,0.375,97.004,0.499,0.0,0.0,8429568.0,0.0,3300039.0,53721.0,4215971840.0,33914880.0,4327161856.0,12454035456.0,0.0,0.0,196608.0,21475966976.0,
2.122,0.125,97.628,0.0,0.0,0.125,65536.0,0.0,1271505.0,33515.0,4215779328.0,33914880.0,4326264832.0,12455124992.0,0.0,0.0,196608.0,21475966976.0,
1.375,0.250,98.250,0.0,0.0,0.125,4259840.0,0.0,2896283.0,57797.0,4215451648.0,33927168.0,4327399424.0,12454305792.0,0.0,0.0,196608.0,21475966976.0,
0.625,0.125,99.125,0.0,0.0,0.125,0.0,0.0,3745359.0,55369.0,4215640064.0,33927168.0,4326203392.0,12455313408.0,0.0,0.0,196608.0,21475966976.0,
1.244,0.373,97.886,0.124,0.124,0.249,4194304.0,761856.0,6479655.0,82429.0,4215627776.0,33943552.0,4327530496.0,12453982208.0,0.0,0.0,196608.0,21475966976.0,
1.752,0.626,97.372,0.0,0.0,0.250,0.0,0.0,19371819.0,203397.0,4215398400.0,33943552.0,4326735872.0,12455006208.0,0.0,0.0,196608.0,21475966976.0,
0.499,0.125,99.251,0.0,0.0,0.125,0.0,0.0,8727521.0,86939.0,4215320576.0,33943552.0,4325552128.0,12456267776.0,0.0,0.0,196608.0,21475966976.0,
2.871,0.874,95.630,0.0,0.0,0.624,0.0,0.0,30353738.0,319289.0,4215066624.0,33943552.0,4324655104.0,12457418752.0,0.0,0.0,196608.0,21475966976.0,
1.502,0.250,97.622,0.501,0.0,0.125,8429568.0,0.0,13914356.0,220057.0,4215451648.0,33947648.0,4327534592.0,12454150144.0,0.0,0.0,196608.0,21475966976.0,
0.499,0.125,99.126,0.125,0.0,0.125,65536.0,81920.0,7706280.0,101469.0,4215762944.0,33955840.0,4326330368.0,12455034880.0,0.0,0.0,196608.0,21475966976.0,
0.998,0.374,98.504,0.0,0.125,0.0,4259840.0,0.0,2952187.0,34565.0,4215459840.0,33968128.0,4327505920.0,12454150144.0,0.0,0.0,196608.0,21475966976.0,
1.998,0.499,97.378,0.0,0.0,0.125,0.0,0.0,1923335.0,47437.0,4215504896.0,33968128.0,4326318080.0,12455292928.0,0.0,0.0,196608.0,21475966976.0,
0.876,0.250,98.373,0.0,0.0,0.501,4194304.0,0.0,23385381.0,271841.0,4215230464.0,33968128.0,4327657472.0,12454227968.0,0.0,0.0,196608.0,21475966976.0,
1.500,0.375,98.125,0.0,0.0,0.0,0.0,40960.0,10363700.0,83990.0,4215144448.0,33976320.0,4326854656.0,12455108608.0,0.0,0.0,196608.0,21475966976.0,
4.738,0.623,94.389,0.0,0.0,0.249,0.0,24576.0,8235881.0,88269.0,4215439360.0,33984512.0,4325662720.0,12455997440.0,0.0,0.0,196608.0,21475966976.0,
0.873,0.249,98.504,0.0,0.125,0.249,0.0,0.0,17013404.0,185741.0,4215451648.0,33984512.0,4324769792.0,12456878080.0,0.0,0.0,196608.0,21475966976.0,
1.625,0.500,97.250,0.625,0.0,0.0,8429568.0,0.0,5548770.0,73205.0,4215939072.0,33988608.0,4327395328.0,12453761024.0,0.0,0.0,196608.0,21475966976.0,
5.493,0.624,93.383,0.0,0.0,0.499,65536.0,0.0,16330223.0,161187.0,4215754752.0,33988608.0,4326498304.0,12454842368.0,0.0,0.0,196608.0,21475966976.0,
1.0,0.500,98.0,0.0,0.0,0.500,4259840.0,0.0,26758909.0,318847.0,4215607296.0,34000896.0,4327641088.0,12453834752.0,0.0,0.0,196608.0,21475966976.0,
3.875,0.375,95.500,0.125,0.0,0.125,0.0,81920.0,16360630.0,220201.0,4216160256.0,34009088.0,4326436864.0,12454477824.0,0.0,0.0,196608.0,21475966976.0,
1.995,0.374,97.506,0.0,0.0,0.125,4194304.0,57344.0,3343731.0,45539.0,4215865344.0,34017280.0,4327780352.0,12453421056.0,0.0,0.0,196608.0,21475966976.0,
0.500,0.125,99.250,0.0,0.0,0.125,0.0,0.0,2809642.0,55406.0,4215767040.0,34017280.0,4326985728.0,12454313984.0,0.0,0.0,196608.0,21475966976.0,
8.625,0.625,90.625,0.0,0.0,0.125,0.0,0.0,9552837.0,87275.0,4256964608.0,34017280.0,4325793792.0,12414308352.0,0.0,0.0,196608.0,21475966976.0,
2.747,0.749,96.255,0.0,0.0,0.250,0.0,40960.0,12564383.0,129807.0,4258385920.0,34025472.0,4324888576.0,12413784064.0,0.0,0.0,196608.0,21475966976.0,
1.625,0.250,97.875,0.250,0.0,0.0,8429568.0,122880.0,4030299.0,49898.0,4262092800.0,34029568.0,4327505920.0,12407455744.0,0.0,0.0,196608.0,21475966976.0,
2.993,0.499,96.259,0.0,0.0,0.249,65536.0,0.0,8697829.0,83146.0,4282032128.0,34029568.0,4326608896.0,12388413440.0,0.0,0.0,196608.0,21475966976.0,
1.0,0.500,98.250,0.0,0.125,0.125,4259840.0,0.0,11273416.0,126493.0,4285698048.0,34041856.0,4327747584.0,12383596544.0,0.0,0.0,196608.0,21475966976.0,
0.499,0.250,99.126,0.0,0.0,0.125,0.0,0.0,8736353.0,93632.0,4285870080.0,34041856.0,4326551552.0,12384620544.0,0.0,0.0,196608.0,21475966976.0,
0.999,0.375,98.502,0.0,0.0,0.125,4194304.0,172032.0,9031901.0,118776.0,4285652992.0,34058240.0,4327878656.0,12383494144.0,0.0,0.0,196608.0,21475966976.0,
1.125,0.375,98.250,0.0,0.0,0.250,0.0,278528.0,6479134.0,89797.0,4290752512.0,34058240.0,4327084032.0,12379189248.0,0.0,0.0,196608.0,21475966976.0,
4.994,1.248,93.508,0.0,0.0,0.250,0.0,0.0,16184415.0,199156.0,4394287104.0,34058240.0,4325896192.0,12276842496.0,0.0,0.0,196608.0,21475966976.0,
1.124,0.375,98.252,0.0,0.0,0.250,0.0,0.0,15090603.0,223356.0,4394795008.0,34058240.0,4324999168.0,12277231616.0,0.0,0.0,196608.0,21475966976.0,
1.250,0.625,98.0,0.0,0.0,0.125,8429568.0,0.0,12460066.0,147638.0,4401012736.0,34062336.0,4327579648.0,12268429312.0,0.0,0.0,196608.0,21475966976.0,
0.999,0.499,98.127,0.0,0.0,0.375,65536.0,81920.0,15096586.0,173012.0,4418138112.0,34070528.0,4326694912.0,12252180480.0,0.0,0.0,196608.0,21475966976.0,
1.498,0.624,97.503,0.0,0.125,0.250,4259840.0,352256.0,22476088.0,287486.0,4417925120.0,34091008.0,4327849984.0,12251217920.0,0.0,0.0,196608.0,21475966976.0,
5.250,1.0,93.500,0.0,0.0,0.250,0.0,0.0,13520595.0,185427.0,4502798336.0,34091008.0,4326653952.0,12167540736.0,0.0,0.0,196608.0,21475966976.0,
0.874,0.375,98.502,0.0,0.0,0.250,4194304.0,0.0,9651311.0,134986.0,4519915520.0,34091008.0,4328001536.0,12149075968.0,0.0,0.0,196608.0,21475966976.0,
7.750,0.875,91.250,0.0,0.0,0.125,0.0,0.0,17232098.0,197718.0,4623421440.0,34091008.0,4327211008.0,12046360576.0,0.0,0.0,196608.0,21475966976.0,
1.124,0.499,97.878,0.0,0.125,0.375,0.0,229376.0,14684869.0,165629.0,4640051200.0,34107392.0,4326797312.0,12030128128.0,0.0,0.0,196608.0,21475966976.0,
1.748,0.499,97.503,0.0,0.0,0.250,0.0,0.0,13830789.0,223836.0,4657217536.0,34107392.0,4326002688.0,12013756416.0,0.0,0.0,196608.0,21475966976.0,
1.125,0.375,98.375,0.0,0.0,0.125,0.0,0.0,12103708.0,130290.0,4658257920.0,34107392.0,4324716544.0,12014002176.0,0.0,0.0,196608.0,21475966976.0,
2.618,0.623,95.262,1.372,0.0,0.125,8495104.0,0.0,8055817.0,77605.0,4674375680.0,34111488.0,4327890944.0,11994705920.0,0.0,0.0,196608.0,21475966976.0,
1.125,0.250,98.500,0.0,0.0,0.125,0.0,0.0,6436735.0,73030.0,4674109440.0,34111488.0,4326866944.0,11995996160.0,0.0,0.0,196608.0,21475966976.0,
2.871,0.499,96.380,0.0,0.0,0.250,4259840.0,49152.0,10949455.0,102706.0,4692393984.0,34131968.0,4328054784.0,11976503296.0,0.0,0.0,196608.0,21475966976.0,
2.622,0.874,96.130,0.0,0.0,0.375,0.0,98304.0,13143826.0,125594.0,4725407744.0,34140160.0,4326903808.0,11944632320.0,0.0,0.0,196608.0,21475966976.0,
1.0,0.375,98.375,0.0,0.0,0.250,4194304.0,0.0,14565041.0,190835.0,4726493184.0,34140160.0,4328095744.0,11942354944.0,0.0,0.0,196608.0,21475966976.0,
3.371,0.749,95.506,0.0,0.125,0.250,0.0,0.0,23337137.0,335030.0,4742774784.0,34140160.0,4326903808.0,11927265280.0,0.0,0.0,196608.0,21475966976.0,
1.373,0.624,97.503,0.0,0.0,0.499,0.0,0.0,23864822.0,253495.0,4758671360.0,34140160.0,4326109184.0,11912163328.0,0.0,0.0,196608.0,21475966976.0,
0.750,0.375,98.625,0.0,0.0,0.250,0.0,40960.0,9180122.0,117760.0,4758892544.0,34148352.0,4324802560.0,11913240576.0,0.0,0.0,196608.0,21475966976.0,
0.874,0.624,98.127,0.0,0.0,0.375,8495104.0,49152.0,19742660.0,233649.0,4758933504.0,34160640.0,4327968768.0,11910021120.0,0.0,0.0,196608.0,21475966976.0,
1.373,0.749,97.378,0.0,0.125,0.375,0.0,0.0,17162960.0,220926.0,4774617088.0,34160640.0,4326957056.0,11895349248.0,0.0,0.0,196608.0,21475966976.0,
0.375,0.250,99.249,0.0,0.0,0.125,4259840.0,0.0,19146851.0,241655.0,4774645760.0,34172928.0,4328140800.0,11894124544.0,0.0,0.0,196608.0,21475966976.0,
1.873,0.250,97.628,0.0,0.0,0.250,0.0,0.0,6269903.0,83681.0,4774768640.0,34172928.0,4326981632.0,11895160832.0,0.0,0.0,196608.0,21475966976.0,
2.372,0.749,96.754,0.0,0.0,0.125,4194304.0,49152.0,8710680.0,101185.0,4790972416.0,34181120.0,4328165376.0,11877765120.0,0.0,0.0,196608.0,21475966976.0,
10.112,3.246,86.392,0.0,0.0,0.250,0.0,0.0,11839241.0,158578.0,5013557248.0,34181120.0,4326993920.0,11656351744.0,0.0,0.0,196608.0,21475966976.0,
0.875,0.125,98.875,0.0,0.0,0.125,0.0,0.0,6160919.0,85147.0,5014097920.0,34181120.0,4326199296.0,11656605696.0,0.0,0.0,196608.0,21475966976.0,
1.126,0.626,97.997,0.0,0.0,0.250,0.0,0.0,12261320.0,109108.0,5024714752.0,34181120.0,4324937728.0,11647250432.0,0.0,0.0,196608.0,21475966976.0,
0.872,0.249,97.883,0.498,0.125,0.374,8495104.0,0.0,13330166.0,142373.0,5024768000.0,34185216.0,4328112128.0,11644018688.0,0.0,0.0,196608.0,21475966976.0,
10.973,0.998,87.656,0.125,0.0,0.249,0.0,122880.0,13350186.0,114683.0,5076762624.0,34185216.0,4327133184.0,11593003008.0,0.0,0.0,196608.0,21475966976.0,
1.750,0.750,97.250,0.0,0.0,0.250,4259840.0,49152.0,12518830.0,112057.0,5087870976.0,34205696.0,4328304640.0,11580702720.0,0.0,0.0,196608.0,21475966976.0,
0.250,0.125,99.500,0.0,0.0,0.125,0.0,0.0,6011331.0,68073.0,5087985664.0,34205696.0,4327157760.0,11581734912.0,0.0,0.0,196608.0,21475966976.0,
1.625,0.375,98.0,0.0,0.0,0.0,4194304.0,114688.0,3898197.0,52997.0,5088116736.0,34213888.0,4328345600.0,11580407808.0,0.0,0.0,196608.0,21475966976.0,
2.247,0.375,97.253,0.0,0.0,0.125,0.0,0.0,4828357.0,71775.0,5097025536.0,34213888.0,4327161856.0,11572682752.0,0.0,0.0,196608.0,21475966976.0,
0.749,0.375,98.627,0.0,0.0,0.250,0.0,286720.0,11913899.0,102170.0,5096804352.0,34222080.0,4326359040.0,11573698560.0,0.0,0.0,196608.0,21475966976.0,
4.375,0.750,94.750,0.0,0.0,0.125,0.0,0.0,14437230.0,123263.0,5148499968.0,34222080.0,4325109760.0,11523252224.0,0.0,0.0,196608.0,21475966976.0,
1.124,0.499,97.628,0.499,0.0,0.250,8495104.0,0.0,8746384.0,85606.0,5158215680.0,34226176.0,4328288256.0,11510353920.0,0.0,0.0,196608.0,21475966976.0,
0.375,0.250,99.251,0.0,0.0,0.125,0.0,0.0,5784751.0,71923.0,5158019072.0,34226176.0,4327268352.0,11511570432.0,0.0,0.0,196608.0,21475966976.0,
1.998,0.499,97.129,0.125,0.0,0.250,4259840.0,180224.0,14659861.0,189717.0,5173899264.0,34246656.0,4328558592.0,11494379520.0,0.0,0.0,196608.0,21475966976.0,
0.874,0.499,98.252,0.0,0.125,0.250,0.0,106496.0,8985791.0,100826.0,5184757760.0,34246656.0,4327288832.0,11484790784.0,0.0,0.0,196608.0,21475966976.0,
0.750,0.250,98.875,0.0,0.0,0.125,4194304.0,57344.0,11649943.0,162670.0,5185724416.0,34254848.0,4328075264.0,11483029504.0,0.0,0.0,196608.0,21475966976.0,
0.874,0.250,98.627,0.0,0.0,0.250,0.0,0.0,8328895.0,83535.0,5185433600.0,34254848.0,4327292928.0,11484102656.0,0.0,0.0,196608.0,21475966976.0,
11.500,3.0,85.250,0.0,0.0,0.250,0.0,0.0,6683239.0,96730.0,5394976768.0,34254848.0,4326498304.0,11275354112.0,0.0,0.0,196608.0,21475966976.0,
0.500,0.125,99.250,0.0,0.0,0.125,0.0,131072.0,7328647.0,89214.0,5395591168.0,34263040.0,4325187584.0,11276042240.0,0.0,0.0,196608.0,21475966976.0,
1.247,0.623,97.132,0.748,0.0,0.249,8495104.0,131072.0,14180225.0,141557.0,5395939328.0,34275328.0,4328353792.0,11272515584.0,0.0,0.0,196608.0,21475966976.0,
1.625,0.500,97.750,0.0,0.0,0.125,0.0,0.0,10920309.0,119638.0,5401702400.0,34275328.0,4327342080.0,11267764224.0,0.0,0.0,196608.0,21475966976.0,
7.980,0.748,91.022,0.0,0.0,0.249,4259840.0,0.0,9627063.0,114417.0,5451923456.0,34287616.0,4328644608.0,11216228352.0,0.0,0.0,196608.0,21475966976.0,
2.503,0.626,96.496,0.0,0.0,0.375,0.0,0.0,12930565.0,125973.0,5487476736.0,34287616.0,4327374848.0,11181944832.0,0.0,0.0,196608.0,21475966976.0,
1.124,0.624,98.127,0.0,0.0,0.125,4194304.0,32768.0,19717110.0,153781.0,5492289536.0,34295808.0,4328558592.0,11175940096.0,0.0,0.0,196608.0,21475966976.0,
9.488,2.372,87.765,0.0,0.125,0.250,0.0,40960.0,15194831.0,126871.0,5624553472.0,34304000.0,4327366656.0,11044859904.0,0.0,0.0,196608.0,21475966976.0,
1.248,0.375,98.002,0.0,0.0,0.375,0.0,0.0,21760406.0,225589.0,5624700928.0,34304000.0,4326576128.0,11045502976.0,0.0,0.0,196608.0,21475966976.0,
0.875,0.500,98.500,0.0,0.0,0.125,0.0,0.0,12374963.0,109231.0,5624766464.0,34304000.0,4325326848.0,11046686720.0,0.0,0.0,196608.0,21475966976.0,
0.748,0.374,97.880,0.748,0.0,0.249,8495104.0,0.0,11599665.0,88873.0,5624827904.0,34308096.0,4328501248.0,11043446784.0,0.0,0.0,196608.0,21475966976.0,
4.494,0.749,94.507,0.0,0.125,0.125,0.0,32768.0,5587653.0,66212.0,5708046336.0,34316288.0,4327464960.0,10961256448.0,0.0,0.0,196608.0,21475966976.0,
1.623,0.624,97.628,0.0,0.0,0.125,4259840.0,0.0,6757703.0,66911.0,5708386304.0,34328576.0,4328767488.0,10959601664.0,0.0,0.0,196608.0,21475966976.0,
0.627,0.251,99.123,0.0,0.0,0.0,0.0,49152.0,10972043.0,99277.0,5708500992.0,34336768.0,4327493632.0,10960752640.0,0.0,0.0,196608.0,21475966976.0,
0.998,0.374,98.379,0.0,0.0,0.249,4194304.0,0.0,12031169.0,80517.0,5708075008.0,34336768.0,4328988672.0,10959683584.0,0.0,0.0,196608.0,21475966976.0,
1.375,0.500,97.875,0.0,0.0,0.250,0.0,0.0,13250896.0,91745.0,5708173312.0,34336768.0,4327493632.0,10961080320.0,0.0,0.0,196608.0,21475966976.0,
1.496,0.499,97.631,0.0,0.125,0.249,0.0,0.0,16720944.0,141000.0,5708070912.0,34336768.0,4326699008.0,10961977344.0,0.0,0.0,196608.0,21475966976.0,
2.0,0.625,96.875,0.0,0.0,0.500,0.0,73728.0,22208693.0,217927.0,5707796480.0,34344960.0,4325388288.0,10963554304.0,0.0,0.0,196608.0,21475966976.0,
1.124,0.749,97.503,0.375,0.0,0.250,8495104.0,0.0,22643087.0,205251.0,5707726848.0,34349056.0,4328669184.0,10960338944.0,0.0,0.0,196608.0,21475966976.0,
1.126,0.501,97.997,0.0,0.0,0.375,0.0,0.0,14232090.0,141007.0,5707550720.0,34349056.0,4327550976.0,10961633280.0,0.0,0.0,196608.0,21475966976.0,
1.0,0.375,98.375,0.0,0.0,0.250,4259840.0,24576.0,17619102.0,155389.0,5707747328.0,34369536.0,4328542208.0,10960424960.0,0.0,0.0,196608.0,21475966976.0,
1.868,0.623,97.011,0.0,0.0,0.498,0.0,0.0,21601652.0,189061.0,5707575296.0,34369536.0,4327571456.0,10961567744.0,0.0,0.0,196608.0,21475966976.0,
1.0,0.500,98.0,0.0,0.125,0.375,4194304.0,172032.0,22876263.0,174727.0,5707374592.0,34377728.0,4328779776.0,10960551936.0,0.0,0.0,196608.0,21475966976.0,
12.110,1.124,86.267,0.0,0.0,0.499,0.0,0.0,18377539.0,152215.0,5761437696.0,34377728.0,4327596032.0,10907672576.0,0.0,0.0,196608.0,21475966976.0,
6.608,0.748,92.394,0.0,0.0,0.249,0.0,0.0,18945506.0,156175.0,5795811328.0,34377728.0,4326805504.0,10874089472.0,0.0,0.0,196608.0,21475966976.0,
5.743,0.375,93.508,0.0,0.0,0.375,0.0,0.0,14549839.0,123409.0,5797638144.0,34377728.0,4325658624.0,10873409536.0,0.0,0.0,196608.0,21475966976.0,
1.248,0.624,97.253,0.624,0.0,0.250,8429568.0,0.0,20534710.0,159905.0,5798109184.0,34381824.0,4328734720.0,10869858304.0,0.0,0.0,196608.0,21475966976.0,
14.482,0.874,84.270,0.0,0.0,0.375,65536.0,581632.0,18204124.0,157853.0,5832781824.0,34402304.0,4327702528.0,10836197376.0,0.0,0.0,196608.0,21475966976.0,
1.252,0.375,98.123,0.0,0.0,0.250,4259840.0,0.0,15927234.0,129505.0,5833236480.0,34414592.0,4328603648.0,10834829312.0,0.0,0.0,196608.0,21475966976.0,
1.372,0.623,97.506,0.0,0.125,0.374,0.0,0.0,20928557.0,158187.0,5832781824.0,34414592.0,4327936000.0,10835951616.0,0.0,0.0,196608.0,21475966976.0,
1.498,0.624,97.253,0.0,0.0,0.624,4194304.0,0.0,24847850.0,198621.0,5832994816.0,34414592.0,4328730624.0,10834944000.0,0.0,0.0,196608.0,21475966976.0,
1.375,0.625,97.500,0.0,0.0,0.500,0.0,0.0,26725459.0,211715.0,5832732672.0,34414592.0,4327936000.0,10836000768.0,0.0,0.0,196608.0,21475966976.0,
1.748,0.749,97.004,0.0,0.125,0.375,0.0,368640.0,28177270.0,207387.0,5833011200.0,34430976.0,4326744064.0,10836897792.0,0.0,0.0,196608.0,21475966976.0,
1.250,0.625,97.875,0.0,0.0,0.250,0.0,0.0,26355801.0,202545.0,5832777728.0,34430976.0,4325896192.0,10837979136.0,0.0,0.0,196608.0,21475966976.0,
0.999,0.499,97.753,0.499,0.0,0.250,8429568.0,0.0,16623134.0,112987.0,5833216000.0,34435072.0,4328673280.0,10834759680.0,0.0,0.0,196608.0,21475966976.0,
3.250,0.625,95.875,0.0,0.0,0.250,65536.0,0.0,16773742.0,110195.0,5866082304.0,34435072.0,4328042496.0,10802524160.0,0.0,0.0,196608.0,21475966976.0,
0.874,0.499,98.502,0.0,0.0,0.125,4259840.0,0.0,16729283.0,100695.0,5866106880.0,34447360.0,4328943616.0,10801586176.0,0.0,0.0,196608.0,21475966976.0,
1.122,0.499,97.880,0.0,0.125,0.374,0.0,286720.0,15934453.0,114765.0,5866033152.0,34463744.0,4328050688.0,10802536448.0,0.0,0.0,196608.0,21475966976.0,
6.884,1.627,91.239,0.0,0.0,0.250,4194304.0,0.0,15293717.0,123059.0,5978562560.0,34463744.0,4328652800.0,10689404928.0,0.0,0.0,196608.0,21475966976.0,
1.247,0.499,98.005,0.0,0.0,0.249,0.0,0.0,15271455.0,112507.0,5978591232.0,34463744.0,4328071168.0,10689957888.0,0.0,0.0,196608.0,21475966976.0,
1.0,0.250,98.375,0.0,0.0,0.375,0.0,0.0,11683945.0,104383.0,5980286976.0,34463744.0,4326883328.0,10689449984.0,0.0,0.0,196608.0,21475966976.0,
3.496,0.624,95.755,0.0,0.0,0.125,0.0,0.0,11948969.0,110879.0,6012719104.0,34463744.0,4325777408.0,10658123776.0,0.0,0.0,196608.0,21475966976.0,
6.242,0.999,91.760,0.749,0.0,0.250,8429568.0,0.0,13419709.0,111379.0,6079221760.0,34467840.0,4328460288.0,10588934144.0,0.0,0.0,196608.0,21475966976.0,
0.750,0.375,98.625,0.0,0.0,0.250,65536.0,90112.0,11685377.0,107000.0,6078582784.0,34484224.0,4328017920.0,10589999104.0,0.0,0.0,196608.0,21475966976.0,
0.750,0.375,98.750,0.0,0.0,0.125,4259840.0,0.0,9488629.0,90899.0,6079934464.0,34496512.0,4329123840.0,10587529216.0,0.0,0.0,196608.0,21475966976.0,
1.124,0.499,98.002,0.0,0.0,0.375,0.0,0.0,12802778.0,121067.0,6079971328.0,34496512.0,4327854080.0,10588762112.0,0.0,0.0,196608.0,21475966976.0,
1.250,0.375,98.125,0.0,0.0,0.250,4194304.0,0.0,15412817.0,160671.0,6080110592.0,34496512.0,4328951808.0,10587525120.0,0.0,0.0,196608.0,21475966976.0,
0.998,0.499,98.130,0.125,0.0,0.249,0.0,73728.0,16423863.0,145173.0,6080028672.0,34504704.0,4328148992.0,10588401664.0,0.0,0.0,196608.0,21475966976.0,
0.748,0.374,98.504,0.0,0.125,0.249,0.0,40960.0,12637674.0,173996.0,6080196608.0,34512896.0,4326948864.0,10589425664.0,0.0,0.0,196608.0,21475966976.0,
7.750,0.750,91.250,0.0,0.0,0.250,0.0,0.0,8442478.0,84293.0,6134935552.0,34512896.0,4326207488.0,10535428096.0,0.0,0.0,196608.0,21475966976.0,
0.749,0.250,98.252,0.624,0.0,0.125,8429568.0,0.0,8955157.0,87009.0,6135459840.0,34516992.0,4328886272.0,10532220928.0,0.0,0.0,196608.0,21475966976.0,
0.876,0.375,98.623,0.0,0.0,0.125,65536.0,0.0,10013066.0,91814.0,6135517184.0,34516992.0,4327956480.0,10533093376.0,0.0,0.0,196608.0,21475966976.0,
0.873,0.374,98.504,0.0,0.0,0.249,4259840.0,0.0,8508711.0,87497.0,6135287808.0,34529280.0,4329254912.0,10532012032.0,0.0,0.0,196608.0,21475966976.0,
0.750,0.250,98.750,0.125,0.0,0.125,0.0,49152.0,10090490.0,128079.0,6135226368.0,34537472.0,4328275968.0,10533044224.0,0.0,0.0,196608.0,21475966976.0,
1.124,0.375,98.127,0.0,0.0,0.375,4194304.0,0.0,10088721.0,98632.0,6135783424.0,34537472.0,4328976384.0,10531786752.0,0.0,0.0,196608.0,21475966976.0,
0.875,0.375,98.625,0.0,0.0,0.125,0.0,0.0,10641599.0,116975.0,6135222272.0,34537472.0,4328284160.0,10533040128.0,0.0,0.0,196608.0,21475966976.0,
0.750,0.250,98.750,0.0,0.0,0.250,0.0,0.0,10976980.0,95863.0,6135517184.0,34537472.0,4327092224.0,10533937152.0,0.0,0.0,196608.0,21475966976.0,
1.122,0.623,97.880,0.0,0.0,0.374,0.0,163840.0,13587215.0,134785.0,6135529472.0,34553856.0,4325871616.0,10535129088.0,0.0,0.0,196608.0,21475966976.0,
0.999,0.499,97.628,0.499,0.125,0.250,8429568.0,0.0,15041359.0,151263.0,6135726080.0,34557952.0,4328951808.0,10531848192.0,0.0,0.0,196608.0,21475966976.0,
5.618,0.874,93.258,0.0,0.0,0.250,65536.0,0.0,15913529.0,154803.0,6187290624.0,34557952.0,4328337408.0,10480898048.0,0.0,0.0,196608.0,21475966976.0,
2.125,0.625,97.0,0.0,0.0,0.250,4259840.0,0.0,17089523.0,170455.0,6186242048.0,34570240.0,4329238528.0,10481033216.0,0.0,0.0,196608.0,21475966976.0,
0.999,0.624,98.127,0.0,0.0,0.250,0.0,0.0,17849615.0,153939.0,6186065920.0,34570240.0,4328361984.0,10482085888.0,0.0,0.0,196608.0,21475966976.0,
4.625,0.625,94.500,0.0,0.0,0.250,4194304.0,393216.0,17837085.0,145431.0,6203162624.0,34586624.0,4329046016.0,10464288768.0,0.0,0.0,196608.0,21475966976.0,
1.122,0.623,97.880,0.0,0.0,0.374,0.0,0.0,17839809.0,157815.0,6202937344.0,34586624.0,4328366080.0,10465193984.0,0.0,0.0,196608.0,21475966976.0,
1.250,0.500,97.750,0.0,0.125,0.375,0.0,0.0,19804721.0,167203.0,6203232256.0,34586624.0,4327174144.0,10466091008.0,0.0,0.0,196608.0,21475966976.0,
0.999,0.624,98.127,0.0,0.0,0.250,0.0,0.0,22433671.0,170379.0,6203207680.0,34586624.0,4326010880.0,10467278848.0,0.0,0.0,196608.0,21475966976.0,
1.125,0.625,97.375,0.625,0.0,0.250,8429568.0,0.0,20890031.0,188579.0,6203334656.0,34590720.0,4329086976.0,10464071680.0,0.0,0.0,196608.0,21475966976.0,
1.248,0.624,97.753,0.0,0.0,0.375,65536.0,294912.0,23318253.0,214697.0,6203183104.0,34607104.0,4328472576.0,10464821248.0,0.0,0.0,196608.0,21475966976.0,
1.125,0.500,98.0,0.0,0.0,0.375,4259840.0,0.0,16216882.0,123624.0,6220730368.0,34619392.0,4329373696.0,10446360576.0,0.0,0.0,196608.0,21475966976.0,
22.457,2.605,74.566,0.0,0.0,0.372,0.0,0.0,18274321.0,138289.0,6402080768.0,34619392.0,4328513536.0,10265870336.0,0.0,0.0,196608.0,21475966976.0,
1.873,0.749,96.879,0.0,0.125,0.375,4194304.0,0.0,23064907.0,180713.0,6408642560.0,34619392.0,4329308160.0,10258513920.0,0.0,0.0,196608.0,21475966976.0,
0.999,0.499,98.002,0.0,0.0,0.499,0.0,0.0,25370861.0,227219.0,6408404992.0,34619392.0,4328517632.0,10259542016.0,0.0,0.0,196608.0,21475966976.0,
1.375,0.625,97.875,0.0,0.0,0.125,0.0,180224.0,13114733.0,123935.0,6408589312.0,34635776.0,4327309312.0,10260549632.0,0.0,0.0,196608.0,21475966976.0,
2.625,0.500,96.750,0.0,0.0,0.125,0.0,0.0,8624637.0,73020.0,6423035904.0,34635776.0,4326440960.0,10246971392.0,0.0,0.0,196608.0,21475966976.0,
0.874,0.375,98.127,0.499,0.0,0.125,8429568.0,0.0,8856743.0,73079.0,6423408640.0,34639872.0,4329226240.0,10243809280.0,0.0,0.0,196608.0,21475966976.0,
0.750,0.375,98.625,0.0,0.0,0.250,65536.0,0.0,11303905.0,93269.0,6422867968.0,34639872.0,4328632320.0,10244943872.0,0.0,0.0,196608.0,21475966976.0,
0.874,0.375,98.502,0.0,0.0,0.250,4259840.0,0.0,9529521.0,79250.0,6423019520.0,34652160.0,4329533440.0,10243878912.0,0.0,0.0,196608.0,21475966976.0,
0.749,0.250,98.876,0.0,0.0,0.125,0.0,0.0,8676103.0,73743.0,6423019520.0,34652160.0,4328652800.0,10244759552.0,0.0,0.0,196608.0,21475966976.0,
0.623,0.374,98.755,0.125,0.0,0.125,4194304.0,106496.0,6366403.0,105039.0,6423298048.0,34668544.0,4329431040.0,10243686400.0,0.0,0.0,196608.0,21475966976.0,
0.876,0.375,98.623,0.0,0.0,0.125,0.0,0.0,5724185.0,65362.0,6423322624.0,34668544.0,4328656896.0,10244435968.0,0.0,0.0,196608.0,21475966976.0,
3.238,0.498,95.890,0.0,0.125,0.249,0.0,0.0,7322361.0,81479.0,6457151488.0,34668544.0,4327464960.0,10211799040.0,0.0,0.0,196608.0,21475966976.0,
7.134,0.876,91.990,0.0,0.0,0.0,0.0,0.0,7057615.0,72347.0,6506979328.0,34668544.0,4326584320.0,10162851840.0,0.0,0.0,196608.0,21475966976.0,
1.124,0.499,98.252,0.0,0.0,0.125,0.0,40960.0,8912194.0,89970.0,6506934272.0,34676736.0,4326592512.0,10162880512.0,0.0,0.0,196608.0,21475966976.0,
2.625,0.500,96.250,0.375,0.0,0.250,8495104.0,106496.0,11954653.0,168213.0,6522351616.0,34689024.0,4329504768.0,10144538624.0,0.0,0.0,196608.0,21475966976.0,
1.746,0.374,97.631,0.0,0.125,0.125,0.0,0.0,12287988.0,95033.0,6520606720.0,34689024.0,4328710144.0,10147078144.0,0.0,0.0,196608.0,21475966976.0,
1.373,0.499,97.878,0.0,0.0,0.250,4259840.0,0.0,12726718.0,108248.0,6520676352.0,34701312.0,4329447424.0,10146258944.0,0.0,0.0,196608.0,21475966976.0,
0.875,0.500,98.250,0.0,0.0,0.375,0.0,0.0,15808196.0,125193.0,6520078336.0,34701312.0,4328779776.0,10147524608.0,0.0,0.0,196608.0,21475966976.0,
1.124,0.499,97.878,0.0,0.0,0.499,4194304.0,49152.0,24262085.0,172865.0,6520135680.0,34709504.0,4329566208.0,10146672640.0,0.0,0.0,196608.0,21475966976.0,
6.875,1.375,91.125,0.0,0.0,0.625,0.0,0.0,33039309.0,322287.0,6573617152.0,34709504.0,4328771584.0,10093985792.0,0.0,0.0,196608.0,21475966976.0,
1.0,0.250,98.500,0.0,0.0,0.250,0.0,32768.0,30433244.0,329669.0,6573666304.0,34717696.0,4327526400.0,10095173632.0,0.0,0.0,196608.0,21475966976.0,
0.999,0.375,98.377,0.0,0.0,0.250,0.0,0.0,13837616.0,122080.0,6573412352.0,34717696.0,4326629376.0,10096324608.0,0.0,0.0,196608.0,21475966976.0,
21.875,3.875,73.250,0.750,0.0,0.250,8495104.0,0.0,15269197.0,111545.0,6773428224.0,34721792.0,4329672704.0,9893261312.0,0.0,0.0,196608.0,21475966976.0,
0.998,0.623,98.130,0.0,0.125,0.125,0.0,147456.0,15833289.0,151381.0,6773432320.0,34729984.0,4328779776.0,9894141952.0,0.0,0.0,196608.0,21475966976.0,
0.626,0.125,99.124,0.0,0.0,0.125,4259840.0,0.0,11039057.0,88516.0,6773391360.0,34742272.0,4329619456.0,9893330944.0,0.0,0.0,196608.0,21475966976.0,
1.122,0.499,98.130,0.0,0.0,0.249,0.0,204800.0,5787326.0,49105.0,6773747712.0,34750464.0,4328636416.0,9893949440.0,0.0,0.0,196608.0,21475966976.0,
21.375,2.0,76.500,0.0,0.0,0.125,4194304.0,0.0,7581707.0,70339.0,6917128192.0,34750464.0,4329992192.0,9749213184.0,0.0,0.0,196608.0,21475966976.0,
3.367,0.998,95.137,0.0,0.125,0.374,0.0,0.0,14327250.0,110055.0,6949904384.0,34750464.0,4328689664.0,9717739520.0,0.0,0.0,196608.0,21475966976.0,
1.500,0.500,97.750,0.0,0.0,0.250,0.0,270336.0,22846133.0,210735.0,6949502976.0,34758656.0,4327886848.0,9718935552.0,0.0,0.0,196608.0,21475966976.0,
1.375,0.250,98.0,0.0,0.0,0.375,0.0,0.0,10872652.0,92023.0,6949756928.0,34758656.0,4326617088.0,9719951360.0,0.0,0.0,196608.0,21475966976.0,
14.732,0.499,84.145,0.375,0.0,0.250,8495104.0,0.0,8739967.0,77603.0,6984585216.0,34762752.0,4329730048.0,9682006016.0,0.0,0.0,196608.0,21475966976.0,
1.870,0.748,97.007,0.125,0.0,0.249,8192.0,188416.0,12532973.0,92223.0,6984912896.0,34775040.0,4328882176.0,9682513920.0,0.0,0.0,196608.0,21475966976.0,
0.625,0.250,99.0,0.0,0.0,0.125,4259840.0,0.0,13625949.0,120267.0,6985007104.0,34787328.0,4329725952.0,9681563648.0,0.0,0.0,196608.0,21475966976.0,
0.751,0.501,98.498,0.0,0.0,0.250,0.0,65536.0,8890881.0,92015.0,6985125888.0,34787328.0,4328853504.0,9682317312.0,0.0,0.0,196608.0,21475966976.0,
0.748,0.623,98.379,0.0,0.0,0.249,4194304.0,81920.0,15256109.0,135413.0,6985043968.0,34795520.0,4329852928.0,9681391616.0,0.0,0.0,196608.0,21475966976.0,
0.873,0.249,98.753,0.0,0.0,0.125,0.0,0.0,12504783.0,99093.0,6985211904.0,34795520.0,4329058304.0,9682018304.0,0.0,0.0,196608.0,21475966976.0,
2.497,0.250,97.004,0.0,0.0,0.250,0.0,98304.0,10364987.0,108907.0,6999781376.0,34803712.0,4327796736.0,9668702208.0,0.0,0.0,196608.0,21475966976.0,
0.874,0.499,98.502,0.0,0.0,0.125,0.0,0.0,5547877.0,52995.0,7000043520.0,34803712.0,4326899712.0,9669337088.0,0.0,0.0,196608.0,21475966976.0,
0.751,0.250,98.123,0.751,0.0,0.125,8495104.0,114688.0,12225169.0,109103.0,7000338432.0,34816000.0,4329934848.0,9665994752.0,0.0,0.0,196608.0,21475966976.0,
0.623,0.374,98.878,0.0,0.0,0.125,0.0,0.0,9268366.0,81725.0,7000334336.0,34816000.0,4329041920.0,9666891776.0,0.0,0.0,196608.0,21475966976.0,
5.750,1.0,93.125,0.0,0.0,0.125,4259840.0,0.0,9822345.0,56941.0,7054086144.0,34828288.0,4329881600.0,9612288000.0,0.0,0.0,196608.0,21475966976.0,
0.375,0.125,99.251,0.0,0.125,0.125,0.0,40960.0,6291588.0,72641.0,7054254080.0,34836480.0,4329201664.0,9612791808.0,0.0,0.0,196608.0,21475966976.0,
0.623,0.374,98.878,0.0,0.0,0.125,4194304.0,0.0,10020959.0,132749.0,7054307328.0,34836480.0,4330000384.0,9611939840.0,0.0,0.0,196608.0,21475966976.0,
0.999,0.499,98.002,0.125,0.0,0.375,0.0,40960.0,4715797.0,64145.0,7054229504.0,34844672.0,4329197568.0,9612812288.0,0.0,0.0,196608.0,21475966976.0,
0.500,0.375,99.0,0.0,0.0,0.125,0.0,0.0,13545972.0,144393.0,7054426112.0,34844672.0,4327927808.0,9613885440.0,0.0,0.0,196608.0,21475966976.0,
0.874,0.250,98.752,0.0,0.0,0.125,0.0,0.0,12014538.0,144129.0,7054077952.0,34844672.0,4327133184.0,9615028224.0,0.0,0.0,196608.0,21475966976.0,
0.749,0.375,98.002,0.624,0.0,0.250,8495104.0,0.0,2837273.0,51837.0,7054114816.0,34848768.0,4330053632.0,9612066816.0,0.0,0.0,196608.0,21475966976.0,
0.250,0.125,99.625,0.0,0.0,0.0,0.0,0.0,5338217.0,63787.0,7053885440.0,34848768.0,4329259008.0,9613090816.0,0.0,0.0,196608.0,21475966976.0,
0.750,0.250,98.875,0.0,0.0,0.125,4259840.0,8192.0,3801813.0,56411.0,7054282752.0,34865152.0,4330045440.0,9611890688.0,0.0,0.0,196608.0,21475966976.0,
0.748,0.374,98.753,0.125,0.0,0.0,0.0,57344.0,3166067.0,106755.0,7053996032.0,34873344.0,4329308160.0,9612906496.0,0.0,0.0,196608.0,21475966976.0,
0.125,0.125,99.750,0.0,0.0,0.0,4194304.0,0.0,1122885.0,35795.0,7054290944.0,34873344.0,4330110976.0,9611808768.0,0.0,0.0,196608.0,21475966976.0,
0.499,0.250,99.126,0.0,0.125,0.0,0.0,0.0,1292136.0,32611.0,7054200832.0,34873344.0,4329316352.0,9612693504.0,0.0,0.0,196608.0,21475966976.0,
0.749,0.375,98.752,0.0,0.0,0.125,0.0,0.0,2191525.0,44625.0,7054155776.0,34873344.0,4328034304.0,9614020608.0,0.0,0.0,196608.0,21475966976.0,
0.125,0.0,99.750,0.0,0.0,0.125,0.0,40960.0,2603639.0,45237.0,7053815808.0,34881536.0,4327231488.0,9615155200.0,0.0,0.0,196608.0,21475966976.0,
6.625,0.500,92.625,0.250,0.0,0.0,8495104.0,24576.0,1002437.0,38025.0,7085707264.0,34893824.0,4330139648.0,9580343296.0,0.0,0.0,196608.0,21475966976.0,
2.247,0.624,97.129,0.0,0.0,0.0,0.0,0.0,1477687.0,46037.0,7101476864.0,34893824.0,4329345024.0,9565368320.0,0.0,0.0,196608.0,21475966976.0,
0.375,0.0,99.501,0.0,0.0,0.125,4259840.0,0.0,2197309.0,58211.0,7101624320.0,34906112.0,4330205184.0,9564348416.0,0.0,0.0,196608.0,21475966976.0,
0.749,0.375,98.752,0.0,0.0,0.125,0.0,0.0,3522763.0,69525.0,7101263872.0,34906112.0,4329410560.0,9565503488.0,0.0,0.0,196608.0,21475966976.0,
0.749,0.375,98.502,0.125,0.0,0.250,4194304.0,172032.0,6156111.0,98939.0,7101358080.0,34914304.0,4330196992.0,9564614656.0,0.0,0.0,196608.0,21475966976.0,
0.375,0.125,99.500,0.0,0.0,0.0,0.0,0.0,6711905.0,96687.0,7101157376.0,34914304.0,4329402368.0,9565609984.0,0.0,0.0,196608.0,21475966976.0,
0.624,0.375,98.876,0.0,0.0,0.125,0.0,0.0,2841255.0,60511.0,7101263872.0,34914304.0,4328108032.0,9566797824.0,0.0,0.0,196608.0,21475966976.0,
0.875,0.375,98.625,0.0,0.0,0.125,0.0,0.0,3776969.0,72835.0,7100911616.0,34914304.0,4327317504.0,9567940608.0,0.0,0.0,196608.0,21475966976.0,
0.374,0.125,98.878,0.374,0.125,0.125,8495104.0,114688.0,3156831.0,64551.0,7101100032.0,34926592.0,4330262528.0,9564794880.0,0.0,0.0,196608.0,21475966976.0,
1.250,0.625,98.125,0.0,0.0,0.0,0.0,303104.0,2516329.0,59351.0,7101140992.0,34934784.0,4329459712.0,9565548544.0,0.0,0.0,196608.0,21475966976.0,
0.875,0.375,98.625,0.0,0.0,0.125,4259840.0,0.0,2279547.0,58123.0,7101468672.0,34947072.0,4330315776.0,9564352512.0,0.0,0.0,196608.0,21475966976.0,
0.624,0.250,98.876,0.0,0.0,0.250,0.0,0.0,7294503.0,114772.0,7101116416.0,34947072.0,4329525248.0,9565495296.0,0.0,0.0,196608.0,21475966976.0,
3.371,0.499,96.005,0.0,0.0,0.125,4194304.0,0.0,3298828.0,64750.0,7116881920.0,34947072.0,4330323968.0,9548931072.0,0.0,0.0,196608.0,21475966976.0,
0.999,0.499,98.377,0.0,0.0,0.125,0.0,0.0,6442330.0,89903.0,7117402112.0,34947072.0,4329533440.0,9549201408.0,0.0,0.0,196608.0,21475966976.0,
0.500,0.250,99.125,0.0,0.0,0.125,0.0,278528.0,10059621.0,132667.0,7117537280.0,34963456.0,4328222720.0,9550360576.0,0.0,0.0,196608.0,21475966976.0,
5.500,0.500,93.750,0.0,0.0,0.250,0.0,0.0,4124685.0,72639.0,7153131520.0,34963456.0,4327428096.0,9515560960.0,0.0,0.0,196608.0,21475966976.0,
0.999,0.624,97.753,0.499,0.0,0.125,8429568.0,0.0,9544532.0,130733.0,7153381376.0,34967552.0,4330364928.0,9512370176.0,0.0,0.0,196608.0,21475966976.0,
0.375,0.0,99.375,0.0,0.0,0.250,65536.0,0.0,7112063.0,88721.0,7153221632.0,34967552.0,4329570304.0,9513324544.0,0.0,0.0,196608.0,21475966976.0,
0.873,0.374,98.504,0.0,0.125,0.125,4259840.0,0.0,5845239.0,84061.0,7153319936.0,34979840.0,4330549248.0,9512235008.0,0.0,0.0,196608.0,21475966976.0,
1.125,0.375,98.375,0.0,0.0,0.125,0.0,245760.0,10526735.0,103705.0,7150944256.0,34996224.0,4329361408.0,9515782144.0,0.0,0.0,196608.0,21475966976.0,
0.250,0.125,99.500,0.0,0.0,0.125,4194304.0,0.0,4197429.0,69801.0,7150694400.0,34996224.0,4330598400.0,9514795008.0,0.0,0.0,196608.0,21475966976.0,
0.499,0.375,99.001,0.0,0.0,0.125,0.0,0.0,2945583.0,65229.0,7150993408.0,34996224.0,4329410560.0,9515683840.0,0.0,0.0,196608.0,21475966976.0,
0.750,0.375,98.750,0.0,0.0,0.125,0.0,0.0,4260431.0,63455.0,7150874624.0,34996224.0,4328615936.0,9516597248.0,0.0,0.0,196608.0,21475966976.0,
0.874,0.250,98.627,0.0,0.0,0.250,0.0,0.0,5731608.0,83457.0,7150931968.0,34996224.0,4327424000.0,9517731840.0,0.0,0.0,196608.0,21475966976.0,
3.995,0.375,95.006,0.375,0.125,0.125,8429568.0,0.0,11050876.0,146289.0,7164092416.0,35000320.0,4330491904.0,9501499392.0,0.0,0.0,196608.0,21475966976.0,
3.246,0.874,95.131,0.125,0.0,0.624,65536.0,49152.0,25368107.0,379745.0,7162220544.0,35008512.0,4329689088.0,9504165888.0,0.0,0.0,196608.0,21475966976.0,
0.999,0.499,98.002,0.125,0.0,0.375,4259840.0,106496.0,22580983.0,214747.0,7162605568.0,35033088.0,4330160128.0,9503285248.0,0.0,0.0,196608.0,21475966976.0,
1.250,0.625,97.625,0.0,0.0,0.500,0.0,0.0,28003477.0,246717.0,7162343424.0,35033088.0,4329373696.0,9504333824.0,0.0,0.0,196608.0,21475966976.0,
1.748,2.497,95.381,0.0,0.0,0.375,4194304.0,0.0,22805534.0,244583.0,7162654720.0,35033088.0,4330692608.0,9502703616.0,0.0,0.0,196608.0,21475966976.0,
1.998,0.375,97.129,0.0,0.0,0.499,0.0,8192.0,22014043.0,210827.0,7161139200.0,35041280.0,4329803776.0,9505099776.0,0.0,0.0,196608.0,21475966976.0,
1.500,0.625,96.750,0.750,0.0,0.375,16384.0,12656640.0,22893406.0,281824.0,7161479168.0,35061760.0,4328521728.0,9506021376.0,0.0,0.0,196608.0,21475966976.0,
1.373,0.624,97.753,0.0,0.0,0.250,0.0,172032.0,19225668.0,178631.0,7161655296.0,35069952.0,4327321600.0,9507037184.0,0.0,0.0,196608.0,21475966976.0,
0.624,0.375,98.127,0.624,0.0,0.250,8429568.0,0.0,15720876.0,204992.0,7161823232.0,35074048.0,4330303488.0,9503883264.0,0.0,0.0,196608.0,21475966976.0,
0.875,0.375,98.375,0.0,0.125,0.250,65536.0,0.0,14325937.0,174781.0,7161208832.0,35074048.0,4329705472.0,9505095680.0,0.0,0.0,196608.0,21475966976.0,
1.373,0.624,97.628,0.125,0.0,0.250,4259840.0,0.0,17233743.0,208915.0,7161643008.0,35086336.0,4330455040.0,9503899648.0,0.0,0.0,196608.0,21475966976.0,
0.499,0.250,98.876,0.125,0.0,0.250,0.0,90112.0,12352943.0,132001.0,7161290752.0,35094528.0,4329656320.0,9505042432.0,0.0,0.0,196608.0,21475966976.0,
6.733,1.122,91.895,0.0,0.125,0.125,4194304.0,0.0,10923808.0,113478.0,7228907520.0,35094528.0,4330790912.0,9436291072.0,0.0,0.0,196608.0,21475966976.0,
3.125,0.750,95.750,0.0,0.0,0.375,0.0,0.0,14821815.0,182145.0,7244173312.0,35094528.0,4329496576.0,9422319616.0,0.0,0.0,196608.0,21475966976.0,
0.624,0.375,98.752,0.0,0.0,0.250,0.0,0.0,18325150.0,230701.0,7243730944.0,35094528.0,4328808448.0,9423450112.0,0.0,0.0,196608.0,21475966976.0,
0.999,0.499,98.252,0.0,0.0,0.250,0.0,147456.0,17984995.0,208639.0,7243857920.0,35102720.0,4327608320.0,9424515072.0,0.0,0.0,196608.0,21475966976.0,
6.625,1.625,90.500,0.125,0.125,1.0,8429568.0,114688.0,36757817.0,436323.0,7293677568.0,35115008.0,4330479616.0,9371811840.0,0.0,0.0,196608.0,21475966976.0,
1.375,0.625,97.500,0.0,0.0,0.500,65536.0,0.0,48148476.0,609312.0,7293444096.0,35115008.0,4329885696.0,9372639232.0,0.0,0.0,196608.0,21475966976.0,
7.357,1.496,90.648,0.0,0.125,0.374,4259840.0,0.0,36716728.0,471922.0,7397150720.0,35127296.0,4330737664.0,9268068352.0,0.0,0.0,196608.0,21475966976.0,
0.875,0.375,98.625,0.0,0.0,0.125,0.0,0.0,5674431.0,67344.0,7397097472.0,35127296.0,4329541632.0,9269317632.0,0.0,0.0,196608.0,21475966976.0,
0.874,0.499,98.002,0.125,0.0,0.499,4194304.0,1245184.0,11012106.0,101251.0,7397683200.0,35135488.0,4330676224.0,9267589120.0,0.0,0.0,196608.0,21475966976.0,
10.0,2.500,87.125,0.0,0.0,0.375,0.0,0.0,25256593.0,348773.0,7531048960.0,35135488.0,4329484288.0,9135415296.0,0.0,0.0,196608.0,21475966976.0,
7.250,1.250,91.375,0.0,0.0,0.125,0.0,0.0,18014242.0,229373.0,7602798592.0,35135488.0,4328902656.0,9064247296.0,0.0,0.0,196608.0,21475966976.0,
0.623,0.249,98.878,0.0,0.0,0.249,0.0,0.0,3939799.0,52701.0,7602614272.0,35135488.0,4328005632.0,9065328640.0,0.0,0.0,196608.0,21475966976.0,
0.876,0.501,97.747,0.751,0.0,0.125,8429568.0,180224.0,14183526.0,137164.0,7603290112.0,35147776.0,4330475520.0,9062170624.0,0.0,0.0,196608.0,21475966976.0,
8.095,1.743,89.041,0.0,0.125,0.996,65536.0,139264.0,27923551.0,324275.0,7638691840.0,35155968.0,4329611264.0,9027624960.0,0.0,0.0,196608.0,21475966976.0,
8.500,1.500,88.500,0.0,0.0,1.500,4349952.0,0.0,69128531.0,662757.0,7640940544.0,35168256.0,4330958848.0,9024016384.0,0.0,0.0,196608.0,21475966976.0,
8.864,2.497,87.765,0.0,0.125,0.749,0.0,0.0,44716915.0,425267.0,7779377152.0,35168256.0,4329775104.0,8886763520.0,0.0,0.0,196608.0,21475966976.0,
6.375,1.125,91.875,0.0,0.0,0.625,4194304.0,0.0,33902399.0,281154.0,7795339264.0,35168256.0,4330946560.0,8869629952.0,0.0,0.0,196608.0,21475966976.0,
1.998,0.874,96.255,0.0,0.0,0.874,0.0,0.0,39989553.0,319616.0,7796367360.0,35168256.0,4329656320.0,8869892096.0,0.0,0.0,196608.0,21475966976.0,
0.999,0.624,95.256,2.747,0.125,0.250,4243456.0,2056192.0,44972784.0,465097.0,7796600832.0,35184640.0,4330938368.0,8868360192.0,0.0,0.0,196608.0,21475966976.0,
4.852,2.367,76.686,15.858,0.0,0.237,0.0,2965504.0,11294671.0,126062.0,7908626432.0,35188736.0,4329844736.0,8757424128.0,0.0,0.0,196608.0,21475966976.0,
5.993,0.874,81.523,11.486,0.0,0.125,2097152.0,2637824.0,5821875.0,79004.0,7956082688.0,35188736.0,4330680320.0,8709132288.0,0.0,0.0,196608.0,21475966976.0,
1.0,0.500,86.500,11.625,0.0,0.375,2097152.0,1949696.0,14497852.0,137041.0,7956017152.0,35188736.0,4329984000.0,8709894144.0,0.0,0.0,196608.0,21475966976.0,
1.247,0.748,86.908,10.474,0.125,0.499,106496.0,2039808.0,14804181.0,126310.0,7956619264.0,35192832.0,4330676224.0,8708595712.0,0.0,0.0,196608.0,21475966976.0,
0.999,0.624,98.127,0.0,0.0,0.250,4096000.0,368640.0,26134174.0,331114.0,7956357120.0,35201024.0,4329881600.0,8709644288.0,0.0,0.0,196608.0,21475966976.0,
1.124,0.375,98.127,0.0,0.0,0.375,4194304.0,24576.0,19993002.0,182593.0,7956017152.0,35209216.0,4331114496.0,8708743168.0,0.0,0.0,196608.0,21475966976.0,
2.879,0.626,96.370,0.0,0.0,0.125,0.0,0.0,8899557.0,100651.0,7990083584.0,35209216.0,4329926656.0,8675864576.0,0.0,0.0,196608.0,21475966976.0,
0.625,0.250,98.875,0.0,0.0,0.250,0.0,0.0,15948150.0,160826.0,7989686272.0,35209216.0,4329140224.0,8677048320.0,0.0,0.0,196608.0,21475966976.0,
3.745,0.624,95.381,0.0,0.0,0.250,0.0,0.0,10403676.0,100397.0,8007118848.0,35209216.0,4327948288.0,8660807680.0,0.0,0.0,196608.0,21475966976.0,
0.624,0.375,98.127,0.749,0.0,0.125,8429568.0,0.0,10876191.0,135931.0,8007553024.0,35213312.0,4330815488.0,8657502208.0,0.0,0.0,196608.0,21475966976.0,
0.499,0.250,99.001,0.0,0.125,0.125,65536.0,90112.0,4974697.0,98004.0,8007282688.0,35221504.0,4330115072.0,8658464768.0,0.0,0.0,196608.0,21475966976.0,
0.750,0.500,98.625,0.0,0.0,0.125,4349952.0,0.0,6633723.0,79437.0,8007712768.0,35233792.0,4330676224.0,8657461248.0,0.0,0.0,196608.0,21475966976.0,
0.873,0.499,98.379,0.0,0.0,0.249,0.0,32768.0,12155665.0,147525.0,8007491584.0,35241984.0,4329873408.0,8658477056.0,0.0,0.0,196608.0,21475966976.0,
0.876,0.375,98.498,0.0,0.0,0.250,4194304.0,0.0,7228408.0,96994.0,8007106560.0,35241984.0,4331253760.0,8657481728.0,0.0,0.0,196608.0,21475966976.0,
1.248,0.375,98.252,0.0,0.0,0.125,0.0,40960.0,11126088.0,116767.0,8007184384.0,35250176.0,4330151936.0,8658497536.0,0.0,0.0,196608.0,21475966976.0,
1.248,0.624,97.753,0.0,0.125,0.250,4243456.0,0.0,9328739.0,92531.0,8007270400.0,35254272.0,4331155456.0,8657403904.0,0.0,0.0,196608.0,21475966976.0,
4.370,0.624,94.757,0.0,0.0,0.250,0.0,0.0,23021682.0,261320.0,8043823104.0,35254272.0,4330360832.0,8621645824.0,0.0,0.0,196608.0,21475966976.0,
0.999,0.499,98.252,0.0,0.0,0.250,4194304.0,0.0,9006852.0,91764.0,8044371968.0,35254272.0,4330881024.0,8620576768.0,0.0,0.0,196608.0,21475966976.0,
1.125,0.375,98.375,0.0,0.0,0.125,0.0,0.0,8413339.0,102896.0,8044490752.0,35254272.0,4330881024.0,8620457984.0,0.0,0.0,196608.0,21475966976.0,
0.749,0.250,98.752,0.125,0.0,0.125,0.0,163840.0,9919060.0,103680.0,8044007424.0,35262464.0,4330078208.0,8621735936.0,0.0,0.0,196608.0,21475966976.0,
7.241,1.248,91.136,0.0,0.0,0.375,4202496.0,0.0,17187772.0,176597.0,8102707200.0,35266560.0,4331167744.0,8561942528.0,0.0,0.0,196608.0,21475966976.0,
1.750,0.500,97.625,0.0,0.0,0.125,0.0,131072.0,8222994.0,94219.0,8103202816.0,35274752.0,4330082304.0,8562524160.0,0.0,0.0,196608.0,21475966976.0,
0.499,0.250,99.126,0.0,0.0,0.125,4194304.0,0.0,8505144.0,91640.0,8103272448.0,35274752.0,4331274240.0,8561262592.0,0.0,0.0,196608.0,21475966976.0,
0.874,0.499,98.377,0.0,0.0,0.250,0.0,0.0,9271293.0,98113.0,8103264256.0,35274752.0,4330094592.0,8562450432.0,0.0,0.0,196608.0,21475966976.0,
4.744,0.874,94.007,0.0,0.125,0.250,0.0,229376.0,13107913.0,120671.0,8125255680.0,35282944.0,4329308160.0,8541237248.0,0.0,0.0,196608.0,21475966976.0,
0.499,0.375,99.001,0.0,0.0,0.125,0.0,0.0,9166363.0,143057.0,8125685760.0,35282944.0,4328054784.0,8542060544.0,0.0,0.0,196608.0,21475966976.0,
4.0,0.750,94.875,0.250,0.0,0.125,8495104.0,0.0,6438213.0,71023.0,8160768000.0,35287040.0,4331229184.0,8503799808.0,0.0,0.0,196608.0,21475966976.0,
0.874,0.499,98.377,0.0,0.0,0.250,0.0,0.0,12479195.0,113041.0,8165187584.0,35287040.0,4330237952.0,8500371456.0,0.0,0.0,196608.0,21475966976.0,
0.500,0.125,99.375,0.0,0.0,0.0,4349952.0,245760.0,7147847.0,91919.0,8165126144.0,35307520.0,4331409408.0,8499240960.0,0.0,0.0,196608.0,21475966976.0,
0.625,0.375,98.750,0.125,0.0,0.125,0.0,81920.0,2825007.0,45505.0,8165085184.0,35307520.0,4330303488.0,8500387840.0,0.0,0.0,196608.0,21475966976.0,
6.484,0.623,92.643,0.0,0.0,0.249,4194304.0,49152.0,8846604.0,113427.0,8189145088.0,35315712.0,4331487232.0,8475136000.0,0.0,0.0,196608.0,21475966976.0,
0.750,0.375,98.625,0.0,0.0,0.250,0.0,0.0,15034805.0,135219.0,8189132800.0,35315712.0,4330303488.0,8476332032.0,0.0,0.0,196608.0,21475966976.0,
1.875,0.125,98.0,0.0,0.0,0.0,4243456.0,0.0,12208951.0,141093.0,8188227584.0,35319808.0,4331606016.0,8475930624.0,0.0,0.0,196608.0,21475966976.0,
0.998,0.623,98.254,0.0,0.0,0.125,0.0,0.0,4836103.0,64595.0,8209657856.0,35319808.0,4330323968.0,8455782400.0,0.0,0.0,196608.0,21475966976.0,
5.493,0.749,93.508,0.0,0.0,0.250,4194304.0,262144.0,5914399.0,73655.0,8264286208.0,35336192.0,4331421696.0,8400039936.0,0.0,0.0,196608.0,21475966976.0,
2.879,0.501,96.370,0.0,0.0,0.250,0.0,327680.0,10548576.0,114541.0,8265244672.0,35344384.0,4330328064.0,8400166912.0,0.0,0.0,196608.0,21475966976.0,
1.373,0.749,97.378,0.0,0.125,0.375,4202496.0,0.0,16936957.0,169193.0,8287649792.0,35348480.0,4331528192.0,8376557568.0,0.0,0.0,196608.0,21475966976.0,
0.749,0.250,98.876,0.0,0.0,0.125,0.0,0.0,21955143.0,171643.0,8287567872.0,35348480.0,4330352640.0,8377815040.0,0.0,0.0,196608.0,21475966976.0,
0.749,0.499,98.502,0.0,0.0,0.250,4194304.0,0.0,6833169.0,60462.0,8287498240.0,35348480.0,4331548672.0,8376688640.0,0.0,0.0,196608.0,21475966976.0,
0.875,0.500,98.250,0.0,0.0,0.375,0.0,417792.0,13976453.0,148239.0,8293003264.0,35356672.0,4330344448.0,8372379648.0,0.0,0.0,196608.0,21475966976.0,
1.122,0.499,97.880,0.125,0.0,0.374,0.0,278528.0,16922969.0,207873.0,8292782080.0,35364864.0,4329541632.0,8373395456.0,0.0,0.0,196608.0,21475966976.0,
1.625,0.250,98.125,0.0,0.0,0.0,0.0,0.0,16312944.0,123249.0,8290926592.0,35364864.0,4328251392.0,8376541184.0,0.0,0.0,196608.0,21475966976.0,
0.875,0.500,97.875,0.375,0.0,0.375,8495104.0,0.0,12289279.0,114289.0,8296833024.0,35368960.0,4331134976.0,8367747072.0,0.0,0.0,196608.0,21475966976.0,
0.624,0.375,98.876,0.0,0.0,0.125,0.0,0.0,10283436.0,110395.0,8296427520.0,35368960.0,4330405888.0,8368881664.0,0.0,0.0,196608.0,21475966976.0,
0.374,0.249,99.002,0.125,0.125,0.125,4349952.0,0.0,4078977.0,54987.0,8296202240.0,35381248.0,4331687936.0,8367812608.0,0.0,0.0,196608.0,21475966976.0,
0.874,0.375,98.627,0.0,0.0,0.125,0.0,90112.0,3893027.0,56551.0,8301555712.0,35397632.0,4330463232.0,8363667456.0,0.0,0.0,196608.0,21475966976.0,
0.626,0.125,99.249,0.0,0.0,0.0,4194304.0,0.0,4943231.0,64863.0,8301875200.0,35397632.0,4331405312.0,8362405888.0,0.0,0.0,196608.0,21475966976.0,
0.624,0.250,99.001,0.0,0.0,0.125,0.0,0.0,6556957.0,81803.0,8302104576.0,35397632.0,4330622976.0,8362958848.0,0.0,0.0,196608.0,21475966976.0,
0.749,0.624,98.377,0.0,0.0,0.250,4243456.0,0.0,7959685.0,85035.0,8307449856.0,35401728.0,4331581440.0,8356651008.0,0.0,0.0,196608.0,21475966976.0,
0.625,0.375,98.875,0.0,0.0,0.125,0.0,40960.0,9959901.0,118863.0,8307171328.0,35409920.0,4330778624.0,8357724160.0,0.0,0.0,196608.0,21475966976.0,
0.625,0.375,98.875,0.0,0.0,0.125,4194304.0,0.0,9644715.0,121207.0,8307580928.0,35409920.0,4331495424.0,8356597760.0,0.0,0.0,196608.0,21475966976.0,
1.122,0.499,98.005,0.0,0.125,0.249,0.0,0.0,10009123.0,123021.0,8329031680.0,35409920.0,4330622976.0,8336019456.0,0.0,0.0,196608.0,21475966976.0,
1.750,0.375,97.625,0.0,0.0,0.250,4202496.0,0.0,14352000.0,187153.0,8328011776.0,35414016.0,4331503616.0,8336154624.0,0.0,0.0,196608.0,21475966976.0,
0.875,0.250,98.875,0.0,0.0,0.0,0.0,0.0,8282301.0,98393.0,8327520256.0,35414016.0,4330823680.0,8337326080.0,0.0,0.0,196608.0,21475966976.0,
0.748,0.374,98.628,0.0,0.0,0.249,4194304.0,163840.0,6516725.0,82801.0,8333426688.0,35422208.0,4331503616.0,8330731520.0,0.0,0.0,196608.0,21475966976.0,
0.375,0.250,99.249,0.0,0.0,0.125,0.0,98304.0,7023559.0,88839.0,8332783616.0,35430400.0,4330823680.0,8332046336.0,0.0,0.0,196608.0,21475966976.0,
0.623,0.374,98.878,0.0,0.0,0.125,0.0,0.0,6420529.0,79353.0,8332943360.0,35430400.0,4329521152.0,8333189120.0,0.0,0.0,196608.0,21475966976.0,
0.875,0.375,98.625,0.0,0.0,0.125,0.0,0.0,6374079.0,72651.0,8354611200.0,35430400.0,4328624128.0,8312418304.0,0.0,0.0,196608.0,21475966976.0,
2.372,0.375,96.629,0.499,0.0,0.125,8495104.0,0.0,6599049.0,81629.0,8371130368.0,35434496.0,4331442176.0,8293076992.0,0.0,0.0,196608.0,21475966976.0,
0.500,0.375,99.0,0.0,0.0,0.125,0.0,253952.0,7224498.0,89221.0,8371535872.0,35442688.0,4330647552.0,8293457920.0,0.0,0.0,196608.0,21475966976.0,
0.998,0.623,98.130,0.0,0.0,0.249,4349952.0,155648.0,9286453.0,101071.0,8376872960.0,35463168.0,4331819008.0,8286928896.0,0.0,0.0,196608.0,21475966976.0,
0.750,0.500,98.625,0.0,0.0,0.125,0.0,0.0,10490799.0,98507.0,8393617408.0,35463168.0,4330725376.0,8271278080.0,0.0,0.0,196608.0,21475966976.0,
1.124,0.250,98.377,0.0,0.125,0.125,4194304.0,0.0,10063975.0,102771.0,8392921088.0,35463168.0,4331921408.0,8270778368.0,0.0,0.0,196608.0,21475966976.0,
0.999,0.624,98.252,0.0,0.0,0.125,0.0,0.0,11874393.0,106951.0,8398131200.0,35463168.0,4330729472.0,8266760192.0,0.0,0.0,196608.0,21475966976.0,
0.749,0.375,98.627,0.0,0.0,0.250,4243456.0,180224.0,11906773.0,112219.0,8397848576.0,35475456.0,4332023808.0,8265736192.0,0.0,0.0,196608.0,21475966976.0,
0.999,0.375,98.377,0.0,0.0,0.250,0.0,114688.0,13803929.0,138965.0,8414765056.0,35483648.0,4330741760.0,8250093568.0,0.0,0.0,196608.0,21475966976.0,
1.625,0.750,97.500,0.0,0.0,0.125,4194304.0,0.0,9038877.0,80119.0,8437309440.0,35483648.0,4331933696.0,8226357248.0,0.0,0.0,196608.0,21475966976.0,
3.625,0.500,95.625,0.0,0.0,0.250,0.0,0.0,12593843.0,129093.0,8452071424.0,35483648.0,4330758144.0,8212770816.0,0.0,0.0,196608.0,21475966976.0,
1.124,0.375,98.127,0.0,0.0,0.375,4202496.0,0.0,13557721.0,138433.0,8452313088.0,35487744.0,4331458560.0,8211824640.0,0.0,0.0,196608.0,21475966976.0,
1.875,0.625,97.125,0.0,0.0,0.375,0.0,40960.0,17754891.0,178491.0,8457052160.0,35495936.0,4330754048.0,8207781888.0,0.0,0.0,196608.0,21475966976.0,
1.373,0.624,97.503,0.0,0.0,0.499,4194304.0,0.0,28739860.0,316537.0,8457109504.0,35495936.0,4331950080.0,8206528512.0,0.0,0.0,196608.0,21475966976.0,
0.749,0.499,98.502,0.0,0.0,0.250,0.0,40960.0,15747779.0,128953.0,8457068544.0,35504128.0,4329771008.0,8208740352.0,0.0,0.0,196608.0,21475966976.0,
21.875,5.529,72.115,0.0,0.120,0.361,0.0,0.0,16556950.0,140061.0,8807698432.0,35504128.0,4328579072.0,7859302400.0,0.0,0.0,196608.0,21475966976.0,
10.138,1.627,87.860,0.0,0.0,0.375,4235264.0,0.0,22657670.0,179346.0,8906641408.0,35508224.0,4331847680.0,7757086720.0,0.0,0.0,196608.0,21475966976.0,
10.112,2.247,87.141,0.0,0.0,0.499,4259840.0,360448.0,23730991.0,232557.0,9052884992.0,35516416.0,4331044864.0,7611637760.0,0.0,0.0,196608.0,21475966976.0,
5.112,0.873,93.641,0.0,0.0,0.374,139264.0,0.0,21765300.0,183020.0,9069568000.0,35520512.0,4330815488.0,7595180032.0,0.0,0.0,196608.0,21475966976.0,
1.502,0.626,97.372,0.0,0.0,0.501,4210688.0,24576.0,27306346.0,251999.0,9069981696.0,35536896.0,4331991040.0,7593574400.0,0.0,0.0,196608.0,21475966976.0,
0.874,0.499,98.377,0.0,0.0,0.250,0.0,0.0,21689312.0,173791.0,9069740032.0,35536896.0,4331139072.0,7594668032.0,0.0,0.0,196608.0,21475966976.0,
0.999,0.250,98.502,0.0,0.0,0.250,4194304.0,0.0,13757019.0,116051.0,9070063616.0,35536896.0,4331941888.0,7593541632.0,0.0,0.0,196608.0,21475966976.0,
0.875,0.375,98.625,0.0,0.0,0.125,0.0,40960.0,11290435.0,108395.0,9069654016.0,35545088.0,4331139072.0,7594745856.0,0.0,0.0,196608.0,21475966976.0,
0.748,0.374,98.504,0.0,0.125,0.249,4243456.0,0.0,11520801.0,109287.0,9070059520.0,35549184.0,4331929600.0,7593545728.0,0.0,0.0,196608.0,21475966976.0,
1.0,0.250,98.625,0.0,0.0,0.125,0.0,0.0,8536817.0,92365.0,9069748224.0,35549184.0,4331057152.0,7594729472.0,0.0,0.0,196608.0,21475966976.0,
1.373,0.375,98.127,0.0,0.0,0.125,4194304.0,0.0,8682365.0,96215.0,9069973504.0,35549184.0,4331966464.0,7593594880.0,0.0,0.0,196608.0,21475966976.0,
2.122,0.375,97.378,0.0,0.0,0.125,0.0,0.0,9365323.0,99837.0,9085198336.0,35549184.0,4331212800.0,7579123712.0,0.0,0.0,196608.0,21475966976.0,
0.749,0.375,98.627,0.125,0.0,0.125,4202496.0,0.0,7887613.0,86509.0,9085497344.0,35553280.0,4332019712.0,7578013696.0,0.0,0.0,196608.0,21475966976.0,
1.250,0.250,98.250,0.0,0.0,0.250,0.0,204800.0,8635451.0,103101.0,9085407232.0,35573760.0,4331130880.0,7578972160.0,0.0,0.0,196608.0,21475966976.0,
0.749,0.375,98.752,0.0,0.0,0.125,4194304.0,0.0,8876601.0,121235.0,9085624320.0,35573760.0,4332048384.0,7577837568.0,0.0,0.0,196608.0,21475966976.0,
0.625,0.375,98.875,0.0,0.0,0.125,0.0,0.0,8035409.0,97527.0,9085083648.0,35573760.0,4331266048.0,7579160576.0,0.0,0.0,196608.0,21475966976.0,
1.0,0.250,98.625,0.0,0.0,0.125,0.0,0.0,9866684.0,124145.0,9085100032.0,35573760.0,4330074112.0,7580336128.0,0.0,0.0,196608.0,21475966976.0,
1.373,0.375,98.127,0.0,0.0,0.125,0.0,163840.0,5153229.0,67681.0,9084084224.0,35581952.0,4329177088.0,7582240768.0,0.0,0.0,196608.0,21475966976.0,
0.624,0.250,98.377,0.499,0.125,0.125,8495104.0,0.0,3633337.0,58117.0,9084633088.0,35586048.0,4331958272.0,7578906624.0,0.0,0.0,196608.0,21475966976.0,
0.624,0.375,99.001,0.0,0.0,0.0,0.0,0.0,3451389.0,71469.0,9084076032.0,35586048.0,4331372544.0,7580049408.0,0.0,0.0,196608.0,21475966976.0,
0.624,0.375,98.876,0.0,0.0,0.125,4349952.0,0.0,3523421.0,57111.0,9084350464.0,35598336.0,4332154880.0,7578980352.0,0.0,0.0,196608.0,21475966976.0,
2.250,0.375,97.250,0.0,0.0,0.125,0.0,0.0,3466225.0,68827.0,9101152256.0,35598336.0,4331319296.0,7563014144.0,0.0,0.0,196608.0,21475966976.0,
0.624,0.250,99.001,0.0,0.0,0.125,4194304.0,475136.0,4254477.0,65449.0,9101623296.0,35614720.0,4332228608.0,7561617408.0,0.0,0.0,196608.0,21475966976.0,
0.375,0.250,99.374,0.0,0.0,0.0,0.0,0.0,3650827.0,73187.0,9101078528.0,35614720.0,4331450368.0,7562940416.0,0.0,0.0,196608.0,21475966976.0,
0.623,0.374,98.878,0.0,0.0,0.125,4243456.0,0.0,4357441.0,56921.0,9101365248.0,35618816.0,4332240896.0,7561859072.0,0.0,0.0,196608.0,21475966976.0,
0.749,0.250,98.876,0.0,0.0,0.125,0.0,0.0,5622461.0,78219.0,9101082624.0,35618816.0,4331397120.0,7562985472.0,0.0,0.0,196608.0,21475966976.0,
0.500,0.250,99.0,0.0,0.125,0.125,4194304.0,0.0,4336283.0,80205.0,9101299712.0,35618816.0,4332306432.0,7561859072.0,0.0,0.0,196608.0,21475966976.0,
0.623,0.374,98.628,0.125,0.0,0.249,0.0,303104.0,6587493.0,79111.0,9101045760.0,35635200.0,4331528192.0,7562874880.0,0.0,0.0,196608.0,21475966976.0,
0.874,0.250,98.627,0.0,0.0,0.250,4202496.0,0.0,7306149.0,140899.0,9099665408.0,35639296.0,4332224512.0,7563554816.0,0.0,0.0,196608.0,21475966976.0,
0.500,0.250,99.250,0.0,0.0,0.0,0.0,0.0,7668549.0,129711.0,9099350016.0,35639296.0,4331360256.0,7564734464.0,0.0,0.0,196608.0,21475966976.0,
0.624,0.250,99.001,0.0,0.0,0.125,4194304.0,0.0,4943852.0,81035.0,9099354112.0,35639296.0,4332363776.0,7563726848.0,0.0,0.0,196608.0,21475966976.0,
0.750,0.375,98.875,0.0,0.0,0.0,0.0,0.0,5610905.0,92721.0,9099063296.0,35639296.0,4331466752.0,7564914688.0,0.0,0.0,196608.0,21475966976.0,
0.499,0.250,99.001,0.0,0.0,0.250,0.0,155648.0,4880943.0,69933.0,9098989568.0,35655680.0,4330455040.0,7565983744.0,0.0,0.0,196608.0,21475966976.0,
0.625,0.250,99.0,0.0,0.0,0.125,0.0,0.0,6150859.0,78801.0,9098715136.0,35655680.0,4329467904.0,7567245312.0,0.0,0.0,196608.0,21475966976.0,
0.748,0.374,98.254,0.374,0.125,0.125,8495104.0,0.0,6988405.0,96005.0,9099370496.0,35659776.0,4332154880.0,7563898880.0,0.0,0.0,196608.0,21475966976.0,
1.0,0.375,98.250,0.0,0.0,0.375,0.0,0.0,12496184.0,150571.0,9098944512.0,35659776.0,4331548672.0,7564931072.0,0.0,0.0,196608.0,21475966976.0,
1.623,0.375,97.753,0.125,0.0,0.125,4349952.0,0.0,13480493.0,114762.0,9098100736.0,35672064.0,4332433408.0,7564877824.0,0.0,0.0,196608.0,21475966976.0,
1.248,0.375,98.002,0.0,0.0,0.375,0.0,221184.0,7670616.0,115056.0,9096675328.0,35680256.0,4331663360.0,7567065088.0,0.0,0.0,196608.0,21475966976.0,
1.0,0.250,98.500,0.0,0.0,0.250,4194304.0,32768.0,9757983.0,118501.0,9096826880.0,35688448.0,4332507136.0,7566061568.0,0.0,0.0,196608.0,21475966976.0,
2.250,0.750,96.875,0.0,0.0,0.125,0.0,0.0,11493676.0,130829.0,9130663936.0,35688448.0,4331622400.0,7533109248.0,0.0,0.0,196608.0,21475966976.0,
9.102,1.621,88.778,0.0,0.125,0.374,4243456.0,0.0,12531583.0,182035.0,9222901760.0,35692544.0,4332519424.0,7439970304.0,0.0,0.0,196608.0,21475966976.0,
2.750,0.375,96.750,0.0,0.0,0.125,0.0,0.0,15673859.0,153781.0,9239011328.0,35692544.0,4331540480.0,7424839680.0,0.0,0.0,196608.0,21475966976.0,
13.233,0.499,86.142,0.0,0.0,0.125,4194304.0,40960.0,6207087.0,77829.0,9241010176.0,35700736.0,4332437504.0,7421935616.0,0.0,0.0,196608.0,21475966976.0,
0.749,0.250,98.752,0.0,0.0,0.250,0.0,0.0,5743391.0,77357.0,9241255936.0,35700736.0,4331683840.0,7422443520.0,0.0,0.0,196608.0,21475966976.0,
2.250,0.500,97.250,0.0,0.0,0.0,4202496.0,40960.0,5335745.0,76979.0,9274580992.0,35713024.0,4332376064.0,7388413952.0,0.0,0.0,196608.0,21475966976.0,
0.749,0.250,98.876,0.0,0.0,0.125,0.0,0.0,5448117.0,72769.0,9274425344.0,35713024.0,4331929600.0,7389016064.0,0.0,0.0,196608.0,21475966976.0,
5.125,1.0,93.750,0.0,0.0,0.125,4194304.0,0.0,2348207.0,48109.0,9345699840.0,35713024.0,4332630016.0,7317041152.0,0.0,0.0,196608.0,21475966976.0,
0.499,0.249,99.127,0.0,0.0,0.125,0.0,73728.0,2203813.0,46751.0,9346187264.0,35721216.0,4331724800.0,7317450752.0,0.0,0.0,196608.0,21475966976.0,
0.625,0.250,99.125,0.0,0.0,0.0,0.0,0.0,2002722.0,44826.0,9346617344.0,35721216.0,4330532864.0,7318212608.0,0.0,0.0,196608.0,21475966976.0,
0.500,0.375,99.0,0.0,0.0,0.125,0.0,0.0,2427153.0,53867.0,9346600960.0,35721216.0,4329439232.0,7319322624.0,0.0,0.0,196608.0,21475966976.0,
0.499,0.249,98.504,0.748,0.0,0.0,8495104.0,0.0,2165607.0,46681.0,9346633728.0,35725312.0,4332814336.0,7315910656.0,0.0,0.0,196608.0,21475966976.0,
0.500,0.250,99.250,0.0,0.0,0.0,0.0,0.0,1706903.0,38575.0,9346621440.0,35725312.0,4331696128.0,7317041152.0,0.0,0.0,196608.0,21475966976.0,
0.624,0.250,98.876,0.0,0.125,0.125,4349952.0,122880.0,1799817.0,38325.0,9346650112.0,35737600.0,4332679168.0,7316017152.0,0.0,0.0,196608.0,21475966976.0,
0.874,0.375,98.502,0.125,0.0,0.125,0.0,155648.0,6350005.0,90949.0,9346170880.0,35753984.0,4331966464.0,7317192704.0,0.0,0.0,196608.0,21475966976.0,
12.087,0.456,87.343,0.0,0.0,0.114,4194304.0,0.0,9276483.0,90515.0,9362501632.0,35753984.0,4332761088.0,7300067328.0,0.0,0.0,196608.0,21475966976.0,
3.375,0.375,96.125,0.0,0.0,0.125,0.0,0.0,6939890.0,73255.0,9363238912.0,35753984.0,4331765760.0,7300325376.0,0.0,0.0,196608.0,21475966976.0,
0.624,0.250,99.126,0.0,0.0,0.0,4243456.0,0.0,3804713.0,44785.0,9363775488.0,35758080.0,4332359680.0,7299190784.0,0.0,0.0,196608.0,21475966976.0,
0.500,0.250,99.125,0.0,0.0,0.125,0.0,245760.0,4852355.0,44537.0,9363132416.0,35766272.0,4331978752.0,7300206592.0,0.0,0.0,196608.0,21475966976.0,
0.625,0.250,99.0,0.0,0.0,0.125,4194304.0,147456.0,4302385.0,72081.0,9363456000.0,35774464.0,4332765184.0,7299088384.0,0.0,0.0,196608.0,21475966976.0,
0.499,0.374,99.002,0.0,0.0,0.125,0.0,0.0,5192771.0,47561.0,9363193856.0,35774464.0,4331831296.0,7300284416.0,0.0,0.0,196608.0,21475966976.0,
0.626,0.125,99.124,0.0,0.0,0.125,4202496.0,0.0,4852227.0,39077.0,9363259392.0,35778560.0,4332822528.0,7299223552.0,0.0,0.0,196608.0,21475966976.0,
1.498,0.499,97.878,0.0,0.0,0.125,0.0,0.0,7349817.0,63965.0,9363103744.0,35778560.0,4332072960.0,7300128768.0,0.0,0.0,196608.0,21475966976.0,
0.623,0.499,98.753,0.0,0.0,0.125,4194304.0,122880.0,6929669.0,61081.0,9363435520.0,35786752.0,4332859392.0,7299002368.0,0.0,0.0,196608.0,21475966976.0,
17.875,2.125,79.125,0.750,0.0,0.125,0.0,31457280.0,6558853.0,59499.0,9398521856.0,35860480.0,4383633408.0,7213068288.0,0.0,0.0,196608.0,21475966976.0,
11.111,1.998,86.642,0.125,0.0,0.125,8192.0,0.0,5611729.0,51372.0,9402068992.0,35926016.0,4446879744.0,7146209280.0,0.0,0.0,196608.0,21475966976.0,
11.486,2.247,86.017,0.0,0.125,0.125,0.0,0.0,6551655.0,74689.0,9405730816.0,35991552.0,4511928320.0,7077433344.0,0.0,0.0,196608.0,21475966976.0,
11.735,1.998,85.144,0.999,0.0,0.125,8437760.0,0.0,15080734.0,108829.0,9409585152.0,36065280.0,4580978688.0,7004454912.0,0.0,0.0,196608.0,21475966976.0,
11.375,2.125,86.375,0.0,0.0,0.125,65536.0,57344.0,13851107.0,93722.0,9412452352.0,36134912.0,4645933056.0,6936563712.0,0.0,0.0,196608.0,21475966976.0,
11.500,2.625,79.0,6.375,0.0,0.500,4358144.0,166002688.0,13647759.0,119241.0,9418313728.0,36216832.0,4711411712.0,6865141760.0,0.0,0.0,196608.0,21475966976.0,
11.875,2.250,73.875,11.500,0.0,0.500,0.0,264241152.0,15267694.0,109155.0,9421418496.0,36282368.0,4776890368.0,6796492800.0,0.0,0.0,196608.0,21475966976.0,
4.988,1.496,76.309,16.708,0.0,0.499,4202496.0,221331456.0,14664035.0,116402.0,9412231168.0,36319232.0,4802785280.0,6779748352.0,0.0,0.0,196608.0,21475966976.0,
13.233,1.998,84.519,0.0,0.125,0.125,0.0,0.0,15486041.0,137025.0,9430102016.0,36380672.0,4868640768.0,6695960576.0,0.0,0.0,196608.0,21475966976.0,
11.625,2.0,86.125,0.125,0.0,0.125,4251648.0,835584.0,14086540.0,123395.0,9432698880.0,36462592.0,4934213632.0,6627708928.0,0.0,0.0,196608.0,21475966976.0,
11.625,2.375,79.625,5.875,0.0,0.500,0.0,172621824.0,13117884.0,139756.0,9438314496.0,36524032.0,4996792320.0,6559453184.0,0.0,0.0,196608.0,21475966976.0,
8.240,1.998,77.653,11.610,0.0,0.499,4194304.0,257990656.0,12041492.0,108359.0,9440989184.0,36569088.0,5042442240.0,6511083520.0,0.0,0.0,196608.0,21475966976.0,
0.749,0.749,91.261,6.866,0.0,0.375,0.0,146620416.0,13312730.0,157027.0,9431789568.0,36577280.0,5041930240.0,6520786944.0,0.0,0.0,196608.0,21475966976.0,
0.999,0.375,98.377,0.0,0.0,0.250,4202496.0,0.0,14359765.0,138592.0,9432023040.0,36581376.0,5042720768.0,6519758848.0,0.0,0.0,196608.0,21475966976.0,
0.750,0.375,98.750,0.0,0.0,0.125,0.0,0.0,12338957.0,116698.0,9431740416.0,36581376.0,5041934336.0,6520827904.0,0.0,0.0,196608.0,21475966976.0,
0.998,0.623,91.147,6.608,0.125,0.499,4194304.0,161103872.0,15247619.0,133367.0,9429778432.0,36597760.0,5042712576.0,6521995264.0,0.0,0.0,196608.0,21475966976.0,
0.874,0.499,98.377,0.0,0.0,0.250,0.0,0.0,13384530.0,127956.0,9429180416.0,36597760.0,5041938432.0,6523367424.0,0.0,0.0,196608.0,21475966976.0,
0.750,0.250,98.750,0.0,0.0,0.250,0.0,0.0,11507563.0,123107.0,9429356544.0,36597760.0,5040746496.0,6524383232.0,0.0,0.0,196608.0,21475966976.0,
0.874,0.499,98.502,0.0,0.0,0.125,0.0,0.0,11096374.0,125037.0,9429254144.0,36597760.0,5039841280.0,6525390848.0,0.0,0.0,196608.0,21475966976.0,
2.628,0.626,95.870,0.751,0.0,0.125,8429568.0,0.0,10282415.0,114772.0,9462108160.0,36601856.0,5042634752.0,6489739264.0,0.0,0.0,196608.0,21475966976.0,
5.860,0.623,93.267,0.125,0.0,0.125,65536.0,180224.0,6184789.0,69330.0,9497473024.0,36618240.0,5041963008.0,6455029760.0,0.0,0.0,196608.0,21475966976.0,
0.750,0.250,98.875,0.0,0.0,0.125,4349952.0,0.0,5846794.0,67428.0,9497747456.0,36630528.0,5042745344.0,6453960704.0,0.0,0.0,196608.0,21475966976.0,
0.500,0.250,99.125,0.0,0.0,0.125,0.0,0.0,4772027.0,65937.0,9497354240.0,36630528.0,5042077696.0,6455021568.0,0.0,0.0,196608.0,21475966976.0,
0.499,0.374,99.002,0.0,0.0,0.125,4194304.0,0.0,4602303.0,64639.0,9497554944.0,36630528.0,5042872320.0,6454026240.0,0.0,0.0,196608.0,21475966976.0,
13.750,1.875,84.125,0.125,0.0,0.125,16384.0,163840.0,5545960.0,68553.0,9499631616.0,36708352.0,5090095104.0,6404648960.0,0.0,0.0,196608.0,21475966976.0,
11.250,2.0,86.500,0.125,0.0,0.125,4251648.0,0.0,4929827.0,66422.0,9503711232.0,36777984.0,5155123200.0,6335471616.0,0.0,0.0,196608.0,21475966976.0,
11.097,2.494,82.793,3.242,0.125,0.249,0.0,97714176.0,6996059.0,85304.0,9509486592.0,36843520.0,5219532800.0,6265221120.0,0.0,0.0,196608.0,21475966976.0,
7.990,1.498,71.161,18.976,0.0,0.375,4202496.0,218341376.0,11068437.0,110897.0,9559093248.0,36868096.0,5235007488.0,6200115200.0,0.0,0.0,196608.0,21475966976.0,
11.486,1.998,86.267,0.0,0.0,0.250,0.0,0.0,13880875.0,137752.0,9561874432.0,36929536.0,5297401856.0,6134878208.0,0.0,0.0,196608.0,21475966976.0,
11.596,1.621,86.409,0.249,0.0,0.125,4210688.0,204800.0,13626747.0,113786.0,9565102080.0,37003264.0,5363429376.0,6065549312.0,0.0,0.0,196608.0,21475966976.0,
11.860,1.998,85.893,0.0,0.0,0.250,0.0,40960.0,11185297.0,92875.0,9568120832.0,37076992.0,5428342784.0,5997543424.0,0.0,0.0,196608.0,21475966976.0,
10.875,2.375,82.125,4.250,0.0,0.375,4194304.0,99811328.0,12667453.0,114436.0,9573900288.0,37138432.0,5488394240.0,5931651072.0,0.0,0.0,196608.0,21475966976.0,
0.499,0.623,69.077,29.426,0.0,0.374,0.0,257048576.0,20530839.0,234430.0,9573126144.0,37142528.0,5487566848.0,5933248512.0,0.0,0.0,196608.0,21475966976.0,
17.750,3.0,63.875,15.125,0.0,0.250,24576.0,189726720.0,8580884.0,94201.0,9632075776.0,37220352.0,5538746368.0,5823041536.0,0.0,0.0,196608.0,21475966976.0,
37.032,6.608,55.985,0.125,0.125,0.125,8192.0,106496.0,3733723.0,28928.0,9644118016.0,37412864.0,5718454272.0,5631098880.0,0.0,0.0,196608.0,21475966976.0,
31.211,5.868,61.673,1.248,0.0,0.0,8445952.0,0.0,3925781.0,69737.0,9652850688.0,37605376.0,5905379328.0,5435248640.0,0.0,0.0,196608.0,21475966976.0,
34.793,7.384,54.068,3.504,0.0,0.250,73728.0,96133120.0,4935743.0,38723.0,9734529024.0,37785600.0,6083784704.0,5174984704.0,0.0,0.0,196608.0,21475966976.0,
9.476,2.244,58.354,29.551,0.0,0.374,4349952.0,251879424.0,5069605.0,36113.0,9737838592.0,37851136.0,6133796864.0,5121597440.0,0.0,0.0,196608.0,21475966976.0,
10.875,2.500,61.375,24.750,0.0,0.500,8192.0,238288896.0,4945289.0,37461.0,9741033472.0,37908480.0,6191202304.0,5060939776.0,0.0,0.0,196608.0,21475966976.0,
12.734,2.996,54.432,29.338,0.0,0.499,4194304.0,259031040.0,4179763.0,34587.0,9744470016.0,37990400.0,6260297728.0,4988325888.0,0.0,0.0,196608.0,21475966976.0,
13.250,2.0,48.250,36.125,0.0,0.375,24576.0,247791616.0,5264292.0,43393.0,9745473536.0,38047744.0,6302494720.0,4945068032.0,0.0,0.0,196608.0,21475966976.0,
29.875,8.375,57.375,4.250,0.0,0.125,4251648.0,110837760.0,2839027.0,38931.0,9743966208.0,38240256.0,6484529152.0,4764348416.0,0.0,0.0,196608.0,21475966976.0,
6.608,1.621,49.751,41.646,0.0,0.374,0.0,246865920.0,2443709.0,66157.0,9745047552.0,38277120.0,6518669312.0,4729090048.0,0.0,0.0,196608.0,21475966976.0,
20.125,3.750,54.0,21.750,0.0,0.375,4202496.0,245784576.0,2520562.0,52647.0,9767882752.0,38375424.0,6620536832.0,4604289024.0,0.0,0.0,196608.0,21475966976.0,
8.500,2.500,50.125,38.625,0.0,0.250,8192.0,207978496.0,1993261.0,39544.0,9759576064.0,38440960.0,6667722752.0,4565344256.0,0.0,0.0,196608.0,21475966976.0,
31.297,8.105,53.741,6.733,0.0,0.125,4210688.0,60579840.0,1665124.0,41669.0,9776373760.0,38637568.0,6855880704.0,4360192000.0,0.0,0.0,196608.0,21475966976.0,
31.539,7.760,45.807,14.643,0.0,0.250,8192.0,140771328.0,1160835.0,32156.0,9790218240.0,38813696.0,7028989952.0,4173062144.0,0.0,0.0,196608.0,21475966976.0,
0.996,0.623,24.907,72.976,0.125,0.374,4194304.0,244039680.0,1114451.0,38775.0,9788153856.0,38817792.0,7034343424.0,4169768960.0,0.0,0.0,196608.0,21475966976.0,
21.277,4.756,35.544,38.048,0.0,0.375,8192.0,250052608.0,1242659.0,34955.0,9787654144.0,38932480.0,7149903872.0,4054593536.0,0.0,0.0,196608.0,21475966976.0,
0.624,0.749,37.079,61.174,0.0,0.375,0.0,240189440.0,1188845.0,34720.0,9784664064.0,38940672.0,7149309952.0,4058169344.0,0.0,0.0,196608.0,21475966976.0,
30.875,7.750,48.125,13.0,0.0,0.250,24576.0,167264256.0,1218227.0,38215.0,9784045568.0,39129088.0,7321571328.0,3886338048.0,0.0,0.0,196608.0,21475966976.0,
31.507,7.347,43.960,16.812,0.125,0.249,8437760.0,101580800.0,1047093.0,30667.0,9802407936.0,39317504.0,7508570112.0,3680788480.0,0.0,0.0,196608.0,21475966976.0,
6.258,1.502,47.309,44.556,0.0,0.375,65536.0,252289024.0,1159237.0,33732.0,9804013568.0,39350272.0,7539290112.0,3648430080.0,0.0,0.0,196608.0,21475966976.0,
15.730,4.245,50.187,29.588,0.0,0.250,4358144.0,251289600.0,917761.0,31705.0,9802854400.0,39448576.0,7628455936.0,3560325120.0,0.0,0.0,196608.0,21475966976.0,
7.740,1.998,49.438,40.449,0.0,0.375,0.0,245194752.0,923431.0,30601.0,9799069696.0,39501824.0,7667564544.0,3524947968.0,0.0,0.0,196608.0,21475966976.0,
5.875,2.250,71.0,20.750,0.0,0.125,8192.0,109871104.0,776071.0,31910.0,9788092416.0,39542784.0,7700897792.0,3502551040.0,0.0,0.0,196608.0,21475966976.0,
10.875,2.375,72.125,14.375,0.0,0.250,4202496.0,93077504.0,589453.0,25235.0,9795891200.0,39608320.0,7766835200.0,3428749312.0,0.0,0.0,196608.0,21475966976.0,
11.333,2.117,49.564,36.613,0.0,0.374,0.0,258400256.0,413299.0,19353.0,9799077888.0,39673856.0,7832723456.0,3359608832.0,0.0,0.0,196608.0,21475966976.0,
6.758,2.128,62.578,28.285,0.0,0.250,4243456.0,237830144.0,117697.0,11174.0,9791209472.0,39718912.0,7867908096.0,3332247552.0,0.0,0.0,196608.0,21475966976.0,
5.500,1.250,84.625,8.625,0.0,0.0,8192.0,1409024.0,165647.0,14835.0,9792425984.0,39763968.0,7898763264.0,3300130816.0,0.0,0.0,196608.0,21475966976.0,
0.998,0.249,98.628,0.0,0.0,0.125,4194304.0,1015808.0,280561.0,12589.0,9789968384.0,39763968.0,7900352512.0,3300999168.0,0.0,0.0,196608.0,21475966976.0,
0.625,0.500,94.875,3.875,0.0,0.125,0.0,108462080.0,235735.0,13082.0,9792999424.0,39763968.0,7899054080.0,3299266560.0,0.0,0.0,196608.0,21475966976.0,
0.125,0.375,89.763,9.613,0.0,0.125,4202496.0,202727424.0,280245.0,16299.0,9786781696.0,39776256.0,7900246016.0,3304280064.0,0.0,0.0,196608.0,21475966976.0,
0.625,0.125,99.250,0.0,0.0,0.0,0.0,0.0,296533.0,12013.0,9787932672.0,39776256.0,7898943488.0,3304431616.0,0.0,0.0,196608.0,21475966976.0,
0.749,0.250,99.001,0.0,0.0,0.0,4194304.0,73728.0,312065.0,15112.0,9787486208.0,39784448.0,7900151808.0,3303661568.0,0.0,0.0,196608.0,21475966976.0,
0.375,0.125,99.500,0.0,0.0,0.0,0.0,0.0,257577.0,15903.0,9786236928.0,39784448.0,7898853376.0,3306209280.0,0.0,0.0,196608.0,21475966976.0,
0.498,0.249,99.004,0.0,0.125,0.125,0.0,0.0,300785.0,12077.0,9785741312.0,39784448.0,7898279936.0,3307278336.0,0.0,0.0,196608.0,21475966976.0,
0.625,0.250,99.125,0.0,0.0,0.0,0.0,40960.0,280251.0,14280.0,9785987072.0,39792640.0,7896993792.0,3308310528.0,0.0,0.0,196608.0,21475966976.0,
0.249,0.125,98.878,0.748,0.0,0.0,8495104.0,0.0,286419.0,16393.0,9786097664.0,39796736.0,7900176384.0,3305013248.0,0.0,0.0,196608.0,21475966976.0,
0.375,0.125,99.499,0.0,0.0,0.0,0.0,49152.0,313295.0,12433.0,9786187776.0,39804928.0,7899189248.0,3305902080.0,0.0,0.0,196608.0,21475966976.0,
0.749,0.375,98.752,0.125,0.0,0.0,4366336.0,0.0,383557.0,16646.0,9785798656.0,39829504.0,7900565504.0,3304890368.0,0.0,0.0,196608.0,21475966976.0,
0.250,0.0,99.750,0.0,0.0,0.0,0.0,0.0,318501.0,19785.0,9786040320.0,39829504.0,7899172864.0,3306041344.0,0.0,0.0,196608.0,21475966976.0,
0.499,0.250,99.126,0.0,0.0,0.125,4194304.0,0.0,428315.0,15431.0,9785974784.0,39829504.0,7900454912.0,3304824832.0,0.0,0.0,196608.0,21475966976.0,
0.750,0.375,98.750,0.125,0.0,0.0,0.0,172032.0,757031.0,25332.0,9786134528.0,39841792.0,7899140096.0,3305967616.0,0.0,0.0,196608.0,21475966976.0,
0.250,0.125,99.625,0.0,0.0,0.0,4243456.0,40960.0,1043599.0,33963.0,9785778176.0,39854080.0,7900700672.0,3304751104.0,0.0,0.0,196608.0,21475966976.0,
0.499,0.250,99.126,0.0,0.0,0.125,0.0,0.0,878795.0,25511.0,9785999360.0,39854080.0,7899320320.0,3305910272.0,0.0,0.0,196608.0,21475966976.0,
0.874,0.250,98.876,0.0,0.0,0.0,4194304.0,0.0,893789.0,28514.0,9785667584.0,39854080.0,7900475392.0,3305086976.0,0.0,0.0,196608.0,21475966976.0,
0.125,0.125,99.750,0.0,0.0,0.0,0.0,0.0,1334945.0,40755.0,9785815040.0,39854080.0,7899185152.0,3306229760.0,0.0,0.0,196608.0,21475966976.0,
0.623,0.249,99.002,0.0,0.0,0.125,4202496.0,0.0,1069259.0,30003.0,9785622528.0,39858176.0,7900585984.0,3305017344.0,0.0,0.0,196608.0,21475966976.0,
5.625,0.875,93.500,0.0,0.0,0.0,0.0,0.0,1222865.0,35342.0,9192402944.0,39858176.0,7899295744.0,3899527168.0,0.0,0.0,196608.0,21475966976.0,
0.125,0.125,99.625,0.125,0.0,0.0,4194304.0,40960.0,1078031.0,32983.0,9191895040.0,39866368.0,7900606464.0,3898716160.0,0.0,0.0,196608.0,21475966976.0,
0.874,0.250,98.752,0.0,0.0,0.125,0.0,106496.0,956863.0,27413.0,9190785024.0,39874560.0,7899295744.0,3901128704.0,0.0,0.0,196608.0,21475966976.0,
0.874,0.375,98.627,0.0,0.125,0.0,0.0,0.0,914226.0,28826.0,9190498304.0,39874560.0,7898513408.0,3902197760.0,0.0,0.0,196608.0,21475966976.0,
0.250,0.0,99.750,0.0,0.0,0.0,0.0,0.0,933361.0,31157.0,9190764544.0,39874560.0,7897223168.0,3903221760.0,0.0,0.0,196608.0,21475966976.0,
0.748,0.374,98.005,0.748,0.0,0.125,8495104.0,49152.0,654781.0,20203.0,9189158912.0,39886848.0,7900499968.0,3901538304.0,0.0,0.0,196608.0,21475966976.0,
0.750,0.250,99.0,0.0,0.0,0.0,0.0,0.0,856963.0,27502.0,9189277696.0,39886848.0,7899484160.0,3902435328.0,0.0,0.0,196608.0,21475966976.0,
0.250,0.125,99.625,0.0,0.0,0.0,4349952.0,0.0,676673.0,25353.0,9189244928.0,39899136.0,7900573696.0,3901366272.0,0.0,0.0,196608.0,21475966976.0,
0.499,0.250,99.126,0.0,0.0,0.125,0.0,0.0,612743.0,19301.0,9189425152.0,39899136.0,7899377664.0,3902382080.0,0.0,0.0,196608.0,21475966976.0,
0.625,0.250,99.125,0.0,0.0,0.0,4194304.0,0.0,838265.0,26872.0,9189093376.0,39899136.0,7900651520.0,3901440000.0,0.0,0.0,196608.0,21475966976.0,
0.125,0.125,99.750,0.0,0.0,0.0,0.0,73728.0,417223.0,19403.0,9189019648.0,39915520.0,7899443200.0,3902705664.0,0.0,0.0,196608.0,21475966976.0,
0.375,0.375,98.750,0.500,0.0,0.0,4243456.0,3653632.0,623095.0,19363.0,9189052416.0,39919616.0,7900348416.0,3901763584.0,0.0,0.0,196608.0,21475966976.0,
0.749,0.250,99.001,0.0,0.0,0.0,0.0,0.0,756883.0,44708.0,9188933632.0,39919616.0,7899451392.0,3902779392.0,0.0,0.0,196608.0,21475966976.0,
0.125,0.125,99.626,0.0,0.0,0.125,4194304.0,0.0,480915.0,20733.0,9188954112.0,39919616.0,7900372992.0,3901837312.0,0.0,0.0,196608.0,21475966976.0,
0.500,0.125,99.375,0.0,0.0,0.0,0.0,0.0,481765.0,16143.0,9188704256.0,39919616.0,7899480064.0,3902980096.0,0.0,0.0,196608.0,21475966976.0,
0.500,0.375,99.125,0.0,0.0,0.0,4202496.0,0.0,550519.0,20292.0,9188593664.0,39923712.0,7900405760.0,3902160896.0,0.0,0.0,196608.0,21475966976.0,
0.249,0.125,99.501,0.125,0.0,0.0,0.0,393216.0,549737.0,23673.0,9188331520.0,39940096.0,7899492352.0,3903320064.0,0.0,0.0,196608.0,21475966976.0,
1.252,0.375,98.248,0.0,0.0,0.125,4194304.0,0.0,554319.0,17855.0,9188061184.0,39940096.0,7900712960.0,3902369792.0,0.0,0.0,196608.0,21475966976.0,
1.248,0.375,98.252,0.0,0.0,0.125,0.0,0.0,6773420.0,94155.0,9188114432.0,39940096.0,7899516928.0,3903512576.0,0.0,0.0,196608.0,21475966976.0,
1.498,0.125,98.377,0.0,0.0,0.0,0.0,0.0,2669422.0,48468.0,9187373056.0,39940096.0,7898624000.0,3905146880.0,0.0,0.0,196608.0,21475966976.0,
0.375,0.125,99.376,0.0,0.125,0.0,0.0,40960.0,2642390.0,37143.0,9187680256.0,39948288.0,7897419776.0,3906035712.0,0.0,0.0,196608.0,21475966976.0,
0.748,0.374,98.379,0.374,0.0,0.125,8495104.0,0.0,335175.0,16582.0,9187872768.0,39952384.0,7900409856.0,3902849024.0,0.0,0.0,196608.0,21475966976.0,
9.637,0.876,86.859,2.378,0.0,0.250,8192.0,8568832.0,2672983.0,43133.0,9184628736.0,39997440.0,7919992832.0,3886465024.0,0.0,0.0,196608.0,21475966976.0,
19.975,3.371,70.162,6.242,0.0,0.250,4366336.0,62529536.0,5380551.0,108305.0,9240629248.0,40099840.0,7988776960.0,3761577984.0,0.0,0.0,196608.0,21475966976.0,
21.322,5.736,66.708,5.736,0.0,0.499,8192.0,152879104.0,4686363.0,71000.0,9251893248.0,40226816.0,8112615424.0,3626348544.0,0.0,0.0,196608.0,21475966976.0,
21.099,4.494,62.547,11.610,0.0,0.250,4202496.0,68263936.0,4838447.0,56835.0,9259974656.0,40361984.0,8238755840.0,3491991552.0,0.0,0.0,196608.0,21475966976.0,
20.275,5.006,64.831,9.637,0.0,0.250,8192.0,68091904.0,2224933.0,38309.0,9268092928.0,40484864.0,8359731200.0,3362775040.0,0.0,0.0,196608.0,21475966976.0,
20.0,5.750,54.250,19.500,0.0,0.500,4243456.0,232792064.0,5187095.0,66120.0,9262944256.0,40607744.0,8476991488.0,3250540544.0,0.0,0.0,196608.0,21475966976.0,
0.623,0.623,49.377,48.753,0.0,0.623,0.0,257114112.0,1685465.0,24015.0,9260687360.0,40607744.0,8476073984.0,3253714944.0,0.0,0.0,196608.0,21475966976.0,
17.728,5.243,60.549,16.105,0.0,0.375,4202496.0,113582080.0,6399579.0,53365.0,9260355584.0,40714240.0,8580247552.0,3149766656.0,0.0,0.0,196608.0,21475966976.0,
21.375,4.500,65.500,8.625,0.0,0.0,8192.0,819200.0,3492623.0,40996.0,9270513664.0,40845312.0,8702607360.0,3017117696.0,0.0,0.0,196608.0,21475966976.0,
21.0,4.500,61.0,13.250,0.0,0.250,4210688.0,753664.0,3665195.0,30540.0,9280290816.0,40980480.0,8828452864.0,2881359872.0,0.0,0.0,196608.0,21475966976.0,
6.742,1.998,40.449,50.437,0.0,0.375,0.0,234004480.0,1783243.0,46550.0,9282531328.0,41017344.0,8865275904.0,2842259456.0,0.0,0.0,196608.0,21475966976.0,
11.0,2.375,37.750,48.500,0.0,0.375,4202496.0,251797504.0,3432177.0,25386.0,9281114112.0,41078784.0,8926539776.0,2782351360.0,0.0,0.0,196608.0,21475966976.0,
12.344,2.743,36.908,47.257,0.125,0.623,0.0,258252800.0,5906200.0,52660.0,9280958464.0,41148416.0,8995225600.0,2713751552.0,0.0,0.0,196608.0,21475966976.0,
8.240,2.622,54.806,34.082,0.0,0.250,8192.0,193658880.0,3529107.0,41659.0,9285808128.0,41185280.0,9015885824.0,2688204800.0,0.0,0.0,196608.0,21475966976.0,
20.974,5.743,57.428,15.730,0.0,0.125,8192.0,1196032.0,616013.0,22586.0,9296363520.0,41312256.0,9139146752.0,2554261504.0,0.0,0.0,196608.0,21475966976.0,
17.375,4.0,42.875,34.875,0.0,0.875,8429568.0,242802688.0,8647135.0,138600.0,9303969792.0,41414656.0,9239056384.0,2446643200.0,0.0,0.0,196608.0,21475966976.0,
0.999,0.874,37.079,60.674,0.0,0.375,65536.0,245932032.0,27681151.0,488494.0,9311084544.0,41414656.0,9238036480.0,2440548352.0,0.0,0.0,196608.0,21475966976.0,
18.851,4.120,65.668,11.111,0.0,0.250,4358144.0,133890048.0,1027471.0,19951.0,9350062080.0,41508864.0,9313263616.0,2326249472.0,0.0,0.0,196608.0,21475966976.0,
3.755,0.751,89.487,6.008,0.0,0.0,0.0,253952.0,349273.0,18323.0,9352540160.0,41537536.0,9334120448.0,2302885888.0,0.0,0.0,196608.0,21475966976.0,
0.375,0.250,99.376,0.0,0.0,0.0,4194304.0,0.0,2825540.0,45553.0,9352011776.0,41537536.0,9335562240.0,2301972480.0,0.0,0.0,196608.0,21475966976.0,
0.625,0.875,88.375,9.875,0.0,0.250,0.0,240934912.0,344183.0,17188.0,9350529024.0,41537536.0,9334378496.0,2304638976.0,0.0,0.0,196608.0,21475966976.0,
0.874,0.624,92.634,5.493,0.0,0.375,4243456.0,115261440.0,19368865.0,200753.0,9344712704.0,41549824.0,9335672832.0,2309148672.0,0.0,0.0,196608.0,21475966976.0,
0.624,0.125,99.126,0.0,0.0,0.125,0.0,0.0,1984661.0,24029.0,9344864256.0,41549824.0,9334480896.0,2310189056.0,0.0,0.0,196608.0,21475966976.0,
0.751,0.250,98.999,0.0,0.0,0.0,4194304.0,0.0,5019267.0,42948.0,9344438272.0,41549824.0,9335590912.0,2309505024.0,0.0,0.0,196608.0,21475966976.0,
0.249,0.249,99.377,0.125,0.0,0.0,0.0,73728.0,421614.0,13092.0,9344081920.0,41558016.0,9334788096.0,2310656000.0,0.0,0.0,196608.0,21475966976.0,
0.624,0.125,99.126,0.0,0.0,0.125,4202496.0,40960.0,1500861.0,31107.0,9344389120.0,41570304.0,9335615488.0,2309509120.0,0.0,0.0,196608.0,21475966976.0,
0.499,0.250,99.126,0.0,0.0,0.125,0.0,0.0,413945.0,14738.0,9344159744.0,41570304.0,9334939648.0,2310414336.0,0.0,0.0,196608.0,21475966976.0,
0.375,0.250,99.374,0.0,0.0,0.0,4194304.0,0.0,2131583.0,39613.0,9344270336.0,41570304.0,9335574528.0,2309668864.0,0.0,0.0,196608.0,21475966976.0,
1.121,0.374,98.257,0.0,0.125,0.125,0.0,40960.0,4565531.0,33619.0,9342717952.0,41578496.0,9334788096.0,2311999488.0,0.0,0.0,196608.0,21475966976.0,
0.626,0.125,99.249,0.0,0.0,0.0,0.0,1024000.0,700948.0,22928.0,9342636032.0,41578496.0,9333702656.0,2313166848.0,0.0,0.0,196608.0,21475966976.0,
0.748,0.374,98.753,0.0,0.0,0.125,0.0,0.0,7311753.0,52992.0,9342824448.0,41578496.0,9332609024.0,2314072064.0,0.0,0.0,196608.0,21475966976.0,
0.375,0.125,98.625,0.750,0.0,0.125,8429568.0,98304.0,3832519.0,31659.0,9343074304.0,41590784.0,9335566336.0,2310852608.0,0.0,0.0,196608.0,21475966976.0,
0.749,0.375,98.752,0.0,0.0,0.125,65536.0,0.0,6105449.0,52818.0,9342914560.0,41590784.0,9334771712.0,2311806976.0,0.0,0.0,196608.0,21475966976.0,
0.500,0.125,99.375,0.0,0.0,0.0,4349952.0,0.0,693343.0,13853.0,9341956096.0,41603072.0,9335726080.0,2311798784.0,0.0,0.0,196608.0,21475966976.0,
0.749,0.125,99.001,0.125,0.0,0.0,0.0,49152.0,1790027.0,35121.0,9341100032.0,41611264.0,9334644736.0,2313728000.0,0.0,0.0,196608.0,21475966976.0,
0.750,0.375,98.750,0.0,0.0,0.125,4194304.0,0.0,3786460.0,48206.0,9340989440.0,41611264.0,9335513088.0,2312970240.0,0.0,0.0,196608.0,21475966976.0,
2.497,0.499,96.879,0.0,0.0,0.125,0.0,40960.0,11284676.0,173873.0,9340772352.0,41619456.0,9334312960.0,2314379264.0,0.0,0.0,196608.0,21475966976.0,
0.749,0.250,98.752,0.0,0.0,0.250,4243456.0,0.0,8369116.0,68059.0,9340432384.0,41623552.0,9335922688.0,2313105408.0,0.0,0.0,196608.0,21475966976.0,
1.623,0.499,97.628,0.0,0.0,0.250,0.0,40960.0,11718822.0,130028.0,9339150336.0,41631744.0,9335037952.0,2315264000.0,0.0,0.0,196608.0,21475966976.0,
0.750,0.250,98.875,0.0,0.0,0.125,4194304.0,0.0,8861944.0,92154.0,9338904576.0,41631744.0,9336000512.0,2314547200.0,0.0,0.0,196608.0,21475966976.0,
0.623,0.374,98.628,0.0,0.125,0.249,0.0,0.0,11638451.0,109569.0,9338953728.0,41631744.0,9334808576.0,2315689984.0,0.0,0.0,196608.0,21475966976.0,
0.749,0.375,98.876,0.0,0.0,0.0,4202496.0,122880.0,5065984.0,52188.0,9338769408.0,41644032.0,9335885824.0,2314784768.0,0.0,0.0,196608.0,21475966976.0,
2.250,0.375,97.125,0.0,0.0,0.250,0.0,0.0,13777204.0,122886.0,9337511936.0,41644032.0,9335103488.0,2316824576.0,0.0,0.0,196608.0,21475966976.0,
0.375,0.125,99.376,0.0,0.0,0.125,4194304.0,40960.0,1681465.0,22415.0,9337528320.0,41652224.0,9335898112.0,2316005376.0,0.0,0.0,196608.0,21475966976.0,
1.625,0.500,97.875,0.0,0.0,0.0,0.0,0.0,7465924.0,75916.0,9334124544.0,41652224.0,9335103488.0,2320203776.0,0.0,0.0,196608.0,21475966976.0,
0.250,0.375,99.251,0.0,0.0,0.125,0.0,0.0,3737701.0,38921.0,9334284288.0,41652224.0,9333919744.0,2321227776.0,0.0,0.0,196608.0,21475966976.0,
0.500,0.250,99.125,0.0,0.0,0.125,0.0,0.0,6156837.0,65399.0,9334165504.0,41652224.0,9333022720.0,2322243584.0,0.0,0.0,196608.0,21475966976.0,
2.250,0.375,96.625,0.625,0.0,0.125,8429568.0,0.0,7059198.0,53596.0,9335218176.0,41656320.0,9335500800.0,2318708736.0,0.0,0.0,196608.0,21475966976.0,
0.998,0.499,98.005,0.0,0.0,0.499,65536.0,90112.0,16492213.0,240793.0,9335111680.0,41664512.0,9334599680.0,2319708160.0,0.0,0.0,196608.0,21475966976.0,
1.500,0.500,97.750,0.125,0.0,0.125,4349952.0,794624.0,14536865.0,167639.0,9334267904.0,41684992.0,9335840768.0,2319290368.0,0.0,0.0,196608.0,21475966976.0,
4.364,0.499,94.763,0.0,0.0,0.374,0.0,0.0,18082372.0,198332.0,9335218176.0,41684992.0,9334763520.0,2319417344.0,0.0,0.0,196608.0,21475966976.0,
9.762,0.751,89.362,0.125,0.0,0.0,4210688.0,0.0,7844664.0,70693.0,9336393728.0,41730048.0,9360580608.0,2292379648.0,0.0,0.0,196608.0,21475966976.0,
11.471,2.120,74.688,11.347,0.125,0.249,8192.0,16973824.0,13056733.0,153729.0,9340637184.0,41799680.0,9425866752.0,2222780416.0,0.0,0.0,196608.0,21475966976.0,
11.250,2.375,74.625,11.625,0.0,0.125,4243456.0,14311424.0,3521189.0,38579.0,9345376256.0,41877504.0,9494355968.0,2149474304.0,0.0,0.0,196608.0,21475966976.0,
13.109,2.372,79.151,5.243,0.0,0.125,8192.0,13033472.0,2400295.0,23877.0,9349017600.0,41947136.0,9558077440.0,2082041856.0,0.0,0.0,196608.0,21475966976.0,
10.875,2.750,74.500,11.500,0.0,0.375,4194304.0,266616832.0,4330619.0,50563.0,9351864320.0,42008576.0,9624870912.0,2012340224.0,0.0,0.0,196608.0,21475966976.0,
7.615,1.873,75.156,15.231,0.0,0.125,8192.0,144629760.0,1221977.0,24871.0,9347067904.0,42065920.0,9666703360.0,1975246848.0,0.0,0.0,196608.0,21475966976.0,
11.0,2.250,70.0,16.625,0.0,0.125,4202496.0,458752.0,1181651.0,25879.0,9352998912.0,42135552.0,9734209536.0,1901740032.0,0.0,0.0,196608.0,21475966976.0,
11.500,2.250,76.375,9.875,0.0,0.0,8192.0,450560.0,2339401.0,47191.0,9357107200.0,42209280.0,9798348800.0,1833418752.0,0.0,0.0,196608.0,21475966976.0,
12.609,2.122,76.280,8.864,0.0,0.125,4194304.0,1523712.0,1239625.0,26429.0,9362141184.0,42274816.0,9865465856.0,1761202176.0,0.0,0.0,196608.0,21475966976.0,
6.866,1.873,63.920,27.091,0.0,0.250,0.0,264585216.0,2075704.0,24609.0,9363783680.0,42315776.0,9904373760.0,1720610816.0,0.0,0.0,196608.0,21475966976.0,
1.248,0.624,62.297,35.456,0.0,0.375,8192.0,252715008.0,2487659.0,28640.0,9360576512.0,42319872.0,9908346880.0,1719840768.0,0.0,0.0,196608.0,21475966976.0,
17.875,4.0,66.500,11.250,0.0,0.375,0.0,95207424.0,15634513.0,135726.0,9103323136.0,42393600.0,9971998720.0,1913368576.0,0.0,0.0,196608.0,21475966976.0,
11.347,1.995,77.930,8.479,0.125,0.125,8437760.0,294912.0,8080908.0,58967.0,9108467712.0,42467328.0,10038910976.0,1841238016.0,0.0,0.0,196608.0,21475966976.0,
2.372,0.749,95.131,1.373,0.0,0.375,65536.0,1376256.0,25185939.0,225033.0,9109708800.0,42479616.0,10046238720.0,1832656896.0,0.0,0.0,196608.0,21475966976.0,
1.250,1.0,86.500,10.875,0.0,0.375,4349952.0,268230656.0,9846700.0,82395.0,9107361792.0,42491904.0,10047217664.0,1834012672.0,0.0,0.0,196608.0,21475966976.0,
1.750,0.875,92.625,4.250,0.0,0.500,0.0,91873280.0,21881362.0,220661.0,9101004800.0,42500096.0,10046074880.0,1841504256.0,0.0,0.0,196608.0,21475966976.0,
0.499,0.250,99.126,0.0,0.0,0.125,4194304.0,0.0,3640685.0,49299.0,9100537856.0,42500096.0,10047303680.0,1840742400.0,0.0,0.0,196608.0,21475966976.0,
0.623,0.374,98.753,0.125,0.0,0.125,0.0,40960.0,10511469.0,96569.0,9100587008.0,42508288.0,10046103552.0,1841885184.0,0.0,0.0,196608.0,21475966976.0,
0.499,0.250,99.126,0.0,0.125,0.0,0.0,0.0,4489383.0,54313.0,9100386304.0,42508288.0,10046107648.0,1842081792.0,0.0,0.0,196608.0,21475966976.0,
1.625,0.250,98.0,0.0,0.0,0.125,4243456.0,40960.0,3432983.0,39149.0,9116635136.0,42520576.0,10047287296.0,1824641024.0,0.0,0.0,196608.0,21475966976.0,
2.494,0.748,96.633,0.0,0.0,0.125,0.0,0.0,5358817.0,58909.0,9162104832.0,42520576.0,10046279680.0,1780178944.0,0.0,0.0,196608.0,21475966976.0,
0.501,0.375,99.124,0.0,0.0,0.0,4194304.0,0.0,6578939.0,93583.0,9163010048.0,42520576.0,10047172608.0,1778380800.0,0.0,0.0,196608.0,21475966976.0,
0.499,0.250,99.126,0.0,0.0,0.125,0.0,40960.0,4773389.0,68303.0,9162694656.0,42528768.0,10046406656.0,1779453952.0,0.0,0.0,196608.0,21475966976.0,
0.625,0.250,99.125,0.0,0.0,0.0,4202496.0,0.0,3301975.0,39226.0,9163014144.0,42532864.0,10047201280.0,1778335744.0,0.0,0.0,196608.0,21475966976.0,
0.499,0.250,99.126,0.0,0.0,0.125,8192.0,32768.0,1517875.0,32136.0,9162354688.0,42545152.0,10046451712.0,1779732480.0,0.0,0.0,196608.0,21475966976.0,
1.748,0.375,97.753,0.0,0.0,0.125,4194304.0,0.0,5220641.0,50137.0,9178439680.0,42545152.0,10047246336.0,1762852864.0,0.0,0.0,196608.0,21475966976.0,
1.875,0.625,97.375,0.0,0.0,0.125,0.0,0.0,13632881.0,120954.0,9177145344.0,42545152.0,10046464000.0,1764929536.0,0.0,0.0,196608.0,21475966976.0,
0.624,0.250,99.001,0.0,0.0,0.125,0.0,73728.0,3510740.0,73832.0,9177321472.0,42553344.0,10045263872.0,1765945344.0,0.0,0.0,196608.0,21475966976.0,
0.875,0.250,98.625,0.0,0.125,0.125,0.0,0.0,8184755.0,119543.0,9176924160.0,42553344.0,10044366848.0,1767239680.0,0.0,0.0,196608.0,21475966976.0,
0.873,0.499,97.880,0.499,0.0,0.249,8495104.0,0.0,7361124.0,119922.0,9177280512.0,42557440.0,10047348736.0,1763897344.0,0.0,0.0,196608.0,21475966976.0,
1.124,0.375,98.127,0.0,0.125,0.250,0.0,0.0,9819336.0,144658.0,9177137152.0,42557440.0,10046410752.0,1764978688.0,0.0,0.0,196608.0,21475966976.0,
0.625,0.375,98.875,0.0,0.0,0.125,4349952.0,0.0,7891576.0,111936.0,9177440256.0,42569728.0,10047291392.0,1763782656.0,0.0,0.0,196608.0,21475966976.0,
0.750,0.375,98.750,0.0,0.0,0.125,0.0,0.0,11897382.0,110096.0,9176752128.0,42569728.0,10046578688.0,1765183488.0,0.0,0.0,196608.0,21475966976.0,
0.625,0.375,98.875,0.0,0.0,0.125,4194304.0,57344.0,6592366.0,39597.0,9177141248.0,42577920.0,10047369216.0,1763995648.0,0.0,0.0,196608.0,21475966976.0,
0.250,0.250,99.501,0.0,0.0,0.0,0.0,0.0,2566903.0,22057.0,9177186304.0,42577920.0,10046377984.0,1764941824.0,0.0,0.0,196608.0,21475966976.0,
0.500,0.125,99.375,0.0,0.0,0.0,4243456.0,32768.0,1240267.0,18124.0,9176920064.0,42590208.0,10047766528.0,1763807232.0,0.0,0.0,196608.0,21475966976.0,
1.623,0.375,97.878,0.0,0.0,0.125,0.0,0.0,5767093.0,39258.0,9175818240.0,42590208.0,10046517248.0,1766158336.0,0.0,0.0,196608.0,21475966976.0,
0.500,0.125,99.375,0.0,0.0,0.0,4194304.0,40960.0,5103183.0,38149.0,9175732224.0,42598400.0,10047512576.0,1765240832.0,0.0,0.0,196608.0,21475966976.0,
1.124,0.375,98.252,0.0,0.0,0.250,0.0,0.0,10773191.0,73708.0,9173876736.0,42598400.0,10046418944.0,1768189952.0,0.0,0.0,196608.0,21475966976.0,
0.623,0.374,98.878,0.0,0.0,0.125,4202496.0,0.0,6619094.0,65702.0,9174667264.0,42602496.0,10047012864.0,1766801408.0,0.0,0.0,196608.0,21475966976.0,
0.250,0.125,99.625,0.0,0.0,0.0,0.0,155648.0,3353830.0,45575.0,9173995520.0,42614784.0,10046521344.0,1767952384.0,0.0,0.0,196608.0,21475966976.0,
0.499,0.374,98.878,0.0,0.0,0.249,4194304.0,0.0,6618946.0,116315.0,9174368256.0,42614784.0,10047418368.0,1766682624.0,0.0,0.0,196608.0,21475966976.0,
0.749,0.375,98.627,0.0,0.125,0.125,0.0,40960.0,6306962.0,88517.0,9174134784.0,42622976.0,10046459904.0,1767866368.0,0.0,0.0,196608.0,21475966976.0,
0.375,0.499,99.001,0.0,0.0,0.125,0.0,212992.0,8135567.0,74045.0,9173913600.0,42622976.0,10045665280.0,1768882176.0,0.0,0.0,196608.0,21475966976.0,
0.250,0.125,99.625,0.0,0.0,0.0,0.0,0.0,3176604.0,38213.0,9174253568.0,42622976.0,10044526592.0,1769680896.0,0.0,0.0,196608.0,21475966976.0,
0.998,0.374,97.756,0.748,0.0,0.125,8495104.0,0.0,3460730.0,50217.0,9174093824.0,42627072.0,10047447040.0,1766916096.0,0.0,0.0,196608.0,21475966976.0,
3.246,0.375,96.380,0.0,0.0,0.0,0.0,0.0,4050263.0,52071.0,9172811776.0,42627072.0,10046685184.0,1768960000.0,0.0,0.0,196608.0,21475966976.0,
0.500,0.125,99.250,0.0,0.0,0.125,4349952.0,262144.0,5134829.0,70808.0,9172541440.0,42647552.0,10047561728.0,1768333312.0,0.0,0.0,196608.0,21475966976.0,
2.750,0.625,96.500,0.125,0.0,0.0,0.0,1417216.0,3990727.0,67888.0,9171615744.0,42680320.0,10046840832.0,1769947136.0,0.0,0.0,196608.0,21475966976.0,
0.499,0.250,99.126,0.0,0.0,0.125,4194304.0,0.0,4407553.0,61524.0,9171513344.0,42680320.0,10047750144.0,1769140224.0,0.0,0.0,196608.0,21475966976.0,
0.500,0.250,99.125,0.0,0.0,0.125,0.0,0.0,9845302.0,102199.0,9171591168.0,42680320.0,10046775296.0,1770037248.0,0.0,0.0,196608.0,21475966976.0,
1.248,0.624,98.002,0.0,0.0,0.125,4243456.0,0.0,9952699.0,107752.0,9171763200.0,42684416.0,10047672320.0,1768964096.0,0.0,0.0,196608.0,21475966976.0,
0.749,0.375,98.627,0.0,0.0,0.250,0.0,73728.0,10099398.0,106137.0,9171365888.0,42692608.0,10046791680.0,1770233856.0,0.0,0.0,196608.0,21475966976.0,
0.625,0.250,98.875,0.0,0.125,0.125,4194304.0,294912.0,15699255.0,150985.0,9171562496.0,42700800.0,10047578112.0,1769242624.0,0.0,0.0,196608.0,21475966976.0,
1.122,0.623,98.130,0.0,0.0,0.125,0.0,0.0,11568857.0,102126.0,9171034112.0,42700800.0,10046836736.0,1770512384.0,0.0,0.0,196608.0,21475966976.0,
0.500,0.250,99.125,0.0,0.0,0.125,4202496.0,0.0,11041995.0,89014.0,9171271680.0,42704896.0,10047729664.0,1769377792.0,0.0,0.0,196608.0,21475966976.0,
0.500,0.125,99.250,0.0,0.0,0.125,0.0,0.0,5883269.0,66203.0,9170939904.0,42704896.0,10046984192.0,1770455040.0,0.0,0.0,196608.0,21475966976.0,
2.247,0.624,97.129,0.0,0.0,0.0,4194304.0,40960.0,2743821.0,45698.0,9186066432.0,42713088.0,10047877120.0,1754427392.0,0.0,0.0,196608.0,21475966976.0,
0.250,0.125,99.625,0.0,0.0,0.0,0.0,0.0,2661613.0,56432.0,9186643968.0,42713088.0,10046914560.0,1754812416.0,0.0,0.0,196608.0,21475966976.0,
0.624,0.250,99.001,0.0,0.0,0.125,0.0,32768.0,4285405.0,48184.0,9186824192.0,42721280.0,10045710336.0,1755828224.0,0.0,0.0,196608.0,21475966976.0,
0.873,0.499,98.504,0.0,0.0,0.125,0.0,0.0,8811831.0,95053.0,9186689024.0,42721280.0,10044821504.0,1756852224.0,0.0,0.0,196608.0,21475966976.0,
0.250,0.250,98.625,0.750,0.0,0.125,8495104.0,0.0,6478247.0,72559.0,9186709504.0,42725376.0,10047700992.0,1753948160.0,0.0,0.0,196608.0,21475966976.0,
0.875,0.250,98.625,0.0,0.0,0.250,0.0,49152.0,7966205.0,71523.0,9185927168.0,42733568.0,10047070208.0,1755353088.0,0.0,0.0,196608.0,21475966976.0,
1.126,0.375,98.248,0.125,0.0,0.125,4349952.0,0.0,8348383.0,84890.0,9186156544.0,42745856.0,10047963136.0,1754218496.0,0.0,0.0,196608.0,21475966976.0,
2.244,0.499,97.132,0.0,0.0,0.125,0.0,0.0,11492369.0,113012.0,9202540544.0,42745856.0,10047057920.0,1738739712.0,0.0,0.0,196608.0,21475966976.0,
1.0,0.250,98.625,0.0,0.0,0.125,4194304.0,0.0,9123041.0,84543.0,9202126848.0,42745856.0,10047950848.0,1738260480.0,0.0,0.0,196608.0,21475966976.0,
0.874,0.375,98.627,0.0,0.0,0.125,0.0,0.0,8604076.0,106592.0,9201885184.0,42745856.0,10047057920.0,1739395072.0,0.0,0.0,196608.0,21475966976.0,
0.249,0.249,99.252,0.125,0.0,0.125,4243456.0,40960.0,4109846.0,48637.0,9202085888.0,42758144.0,10047918080.0,1738321920.0,0.0,0.0,196608.0,21475966976.0,
0.624,0.250,99.001,0.0,0.125,0.0,0.0,0.0,5819031.0,53386.0,9201766400.0,42758144.0,10047082496.0,1739476992.0,0.0,0.0,196608.0,21475966976.0,
0.250,0.250,99.375,0.0,0.0,0.125,4194304.0,40960.0,8309913.0,61873.0,9202044928.0,42766336.0,10047971328.0,1738301440.0,0.0,0.0,196608.0,21475966976.0,
2.0,0.500,97.375,0.0,0.0,0.125,0.0,0.0,6082080.0,52444.0,9218416640.0,42766336.0,10047082496.0,1722818560.0,0.0,0.0,196608.0,21475966976.0,
0.374,0.249,99.252,0.0,0.0,0.125,4202496.0,0.0,4236428.0,42884.0,9218637824.0,42770432.0,10047983616.0,1721692160.0,0.0,0.0,196608.0,21475966976.0,
0.250,0.250,99.375,0.0,0.0,0.125,0.0,0.0,3765582.0,40148.0,9218265088.0,42770432.0,10047086592.0,1722961920.0,0.0,0.0,196608.0,21475966976.0,
2.750,0.500,96.750,0.0,0.0,0.0,4194304.0,40960.0,3617513.0,46899.0,9234554880.0,42778624.0,10047979520.0,1705771008.0,0.0,0.0,196608.0,21475966976.0,
0.250,0.0,99.625,0.0,0.0,0.125,0.0,0.0,3194570.0,31972.0,9234305024.0,42778624.0,10047086592.0,1706913792.0,0.0,0.0,196608.0,21475966976.0,
2.622,0.375,96.879,0.0,0.0,0.125,0.0,0.0,3333352.0,40035.0,9235251200.0,42778624.0,10045886464.0,1707167744.0,0.0,0.0,196608.0,21475966976.0,
0.125,0.125,99.625,0.0,0.0,0.125,0.0,0.0,3517360.0,33644.0,9235738624.0,42778624.0,10044989440.0,1707577344.0,0.0,0.0,196608.0,21475966976.0,
5.125,0.875,93.250,0.750,0.0,0.0,8429568.0,0.0,3780224.0,41971.0,8760836096.0,42782720.0,10048000000.0,2179465216.0,0.0,0.0,196608.0,21475966976.0,
0.749,0.250,98.752,0.125,0.0,0.125,65536.0,262144.0,5149017.0,90279.0,8760983552.0,42790912.0,10047098880.0,2180210688.0,0.0,0.0,196608.0,21475966976.0,
0.375,0.250,99.251,0.0,0.0,0.125,4349952.0,212992.0,4790201.0,68327.0,8761147392.0,42811392.0,10048110592.0,2179014656.0,0.0,0.0,196608.0,21475966976.0,
0.125,0.125,99.750,0.0,0.0,0.0,0.0,0.0,3889206.0,41203.0,8760750080.0,42811392.0,10047213568.0,2180308992.0,0.0,0.0,196608.0,21475966976.0,
0.623,0.249,98.878,0.0,0.125,0.125,4194304.0,0.0,4381914.0,71248.0,8760643584.0,42811392.0,10048106496.0,2179522560.0,0.0,0.0,196608.0,21475966976.0,
0.375,0.375,99.251,0.0,0.0,0.0,0.0,106496.0,3108567.0,51332.0,8763678720.0,42819584.0,10047205376.0,2177380352.0,0.0,0.0,196608.0,21475966976.0,
0.501,0.375,98.999,0.0,0.0,0.125,4243456.0,843776.0,2658446.0,34845.0,8782053376.0,42823680.0,10048118784.0,2158088192.0,0.0,0.0,196608.0,21475966976.0,
5.762,0.360,93.878,0.0,0.0,0.0,0.0,0.0,3096346.0,41831.0,8782979072.0,42823680.0,10047234048.0,2158047232.0,0.0,0.0,196608.0,21475966976.0,
1.0,0.500,98.375,0.0,0.0,0.125,4194304.0,0.0,4008438.0,50157.0,8178835456.0,42823680.0,10048126976.0,2761297920.0,0.0,0.0,196608.0,21475966976.0,
0.999,0.624,98.252,0.0,0.0,0.125,0.0,0.0,5472021.0,72797.0,8178843648.0,42823680.0,10047238144.0,2762178560.0,0.0,0.0,196608.0,21475966976.0,
0.499,0.250,99.001,0.125,0.0,0.125,4202496.0,40960.0,6939573.0,80482.0,8179388416.0,42835968.0,10048126976.0,2760732672.0,0.0,0.0,196608.0,21475966976.0,
1.998,0.499,97.378,0.0,0.0,0.125,0.0,253952.0,5420114.0,79724.0,8194129920.0,42844160.0,10047221760.0,2746888192.0,0.0,0.0,196608.0,21475966976.0,
0.625,0.375,98.875,0.0,0.0,0.125,4194304.0,0.0,8503139.0,81617.0,8193515520.0,42844160.0,10048135168.0,2746589184.0,0.0,0.0,196608.0,21475966976.0,
0.375,0.0,99.500,0.0,0.0,0.125,0.0,0.0,6526335.0,63580.0,8193388544.0,42844160.0,10047238144.0,2747613184.0,0.0,0.0,196608.0,21475966976.0,
0.250,0.125,99.501,0.0,0.0,0.125,0.0,0.0,7944849.0,81783.0,8193396736.0,42844160.0,10046087168.0,2748755968.0,0.0,0.0,196608.0,21475966976.0,
0.375,0.250,99.250,0.0,0.0,0.125,0.0,40960.0,4952085.0,47881.0,8193150976.0,42852352.0,10045181952.0,2749898752.0,0.0,0.0,196608.0,21475966976.0,
0.250,0.125,99.251,0.250,0.0,0.125,8429568.0,32768.0,8575059.0,85719.0,8192970752.0,42864640.0,10048294912.0,2746953728.0,0.0,0.0,196608.0,21475966976.0,
0.375,0.125,99.376,0.0,0.0,0.125,65536.0,0.0,5500784.0,53103.0,8192974848.0,42864640.0,10047336448.0,2747908096.0,0.0,0.0,196608.0,21475966976.0,
0.250,0.250,99.251,0.125,0.0,0.125,4349952.0,0.0,4684917.0,44241.0,8192966656.0,42876928.0,10048339968.0,2746900480.0,0.0,0.0,196608.0,21475966976.0,
0.250,0.0,99.750,0.0,0.0,0.0,0.0,0.0,8153531.0,89085.0,8192585728.0,42876928.0,10047459328.0,2748162048.0,0.0,0.0,196608.0,21475966976.0,
0.374,0.249,99.127,0.125,0.0,0.125,4194304.0,49152.0,4400804.0,46095.0,8192380928.0,42885120.0,10048348160.0,2747469824.0,0.0,0.0,196608.0,21475966976.0,
0.250,0.125,99.376,0.0,0.125,0.125,0.0,0.0,7247763.0,87075.0,8192262144.0,42885120.0,10047451136.0,2748485632.0,0.0,0.0,196608.0,21475966976.0,
0.624,0.125,99.126,0.0,0.0,0.125,4243456.0,98304.0,5267512.0,59991.0,8191856640.0,42897408.0,10048401408.0,2747928576.0,0.0,0.0,196608.0,21475966976.0,
0.499,0.125,99.251,0.0,0.0,0.125,0.0,0.0,7440689.0,77351.0,8191602688.0,42897408.0,10047512576.0,2749071360.0,0.0,0.0,196608.0,21475966976.0,
0.999,0.624,98.127,0.0,0.0,0.250,4194304.0,0.0,8076528.0,69343.0,8191377408.0,42897408.0,10048413696.0,2748395520.0,0.0,0.0,196608.0,21475966976.0,
0.250,0.125,99.500,0.0,0.0,0.125,0.0,40960.0,6496239.0,60385.0,8191373312.0,42905600.0,10047512576.0,2749292544.0,0.0,0.0,196608.0,21475966976.0,
0.625,0.250,99.0,0.0,0.0,0.125,4202496.0,0.0,9650123.0,90400.0,8191418368.0,42909696.0,10048417792.0,2748338176.0,0.0,0.0,196608.0,21475966976.0,
0.625,0.375,98.875,0.0,0.0,0.125,0.0,32768.0,12949413.0,86769.0,8191045632.0,42917888.0,10047512576.0,2749607936.0,0.0,0.0,196608.0,21475966976.0,
2.244,0.748,96.758,0.0,0.0,0.249,4194304.0,0.0,15496575.0,111317.0,8190496768.0,42917888.0,10048425984.0,2749243392.0,0.0,0.0,196608.0,21475966976.0,
0.375,0.250,99.251,0.0,0.0,0.125,0.0,0.0,12098528.0,75599.0,8190369792.0,42917888.0,10047545344.0,2750251008.0,0.0,0.0,196608.0,21475966976.0,
0.375,0.125,99.374,0.0,0.0,0.125,0.0,73728.0,10300267.0,59361.0,8190447616.0,42926080.0,10046349312.0,2751361024.0,0.0,0.0,196608.0,21475966976.0,
10.250,1.125,88.500,0.0,0.0,0.125,0.0,0.0,7193539.0,87163.0,7649792000.0,42926080.0,10045452288.0,3292913664.0,0.0,0.0,196608.0,21475966976.0,
0.374,0.249,99.002,0.249,0.0,0.125,8429568.0,0.0,9375487.0,68109.0,7649722368.0,42930176.0,10048524288.0,3289907200.0,0.0,0.0,196608.0,21475966976.0,
7.491,0.874,91.511,0.0,0.0,0.125,65536.0,0.0,9065149.0,61118.0,7067176960.0,42930176.0,10047606784.0,3873370112.0,0.0,0.0,196608.0,21475966976.0,
1.375,0.500,98.0,0.0,0.0,0.125,4349952.0,122880.0,9042316.0,69739.0,7067234304.0,42950656.0,10048602112.0,3872296960.0,0.0,0.0,196608.0,21475966976.0,
0.499,0.250,99.001,0.0,0.125,0.125,0.0,0.0,8949441.0,68389.0,7067107328.0,42950656.0,10047705088.0,3873320960.0,0.0,0.0,196608.0,21475966976.0,
0.375,0.250,99.126,0.125,0.0,0.125,4194304.0,278528.0,11978779.0,91979.0,7066873856.0,42958848.0,10048638976.0,3872612352.0,0.0,0.0,196608.0,21475966976.0,
0.499,0.250,99.001,0.0,0.0,0.250,0.0,0.0,13118331.0,89513.0,7066755072.0,42958848.0,10047741952.0,3873628160.0,0.0,0.0,196608.0,21475966976.0,
7.625,0.625,91.625,0.0,0.0,0.125,4243456.0,0.0,12364761.0,81419.0,7067099136.0,42962944.0,10048659456.0,3872362496.0,0.0,0.0,196608.0,21475966976.0,
0.499,0.249,99.127,0.0,0.0,0.125,0.0,163840.0,7408635.0,49805.0,7066853376.0,42971136.0,10047762432.0,3873497088.0,0.0,0.0,196608.0,21475966976.0,
0.250,0.125,99.500,0.0,0.0,0.125,4194304.0,0.0,7099941.0,56191.0,7066853376.0,42971136.0,10048671744.0,3872587776.0,0.0,0.0,196608.0,21475966976.0,
1.375,0.500,98.0,0.0,0.0,0.125,0.0,237568.0,6864231.0,66223.0,7067734016.0,42979328.0,10047774720.0,3872595968.0,0.0,0.0,196608.0,21475966976.0,
0.375,0.125,99.500,0.0,0.0,0.0,4202496.0,0.0,6619021.0,58891.0,7067762688.0,42983424.0,10048679936.0,3871657984.0,0.0,0.0,196608.0,21475966976.0,
0.375,0.125,99.376,0.0,0.0,0.125,0.0,0.0,5289417.0,45123.0,7067516928.0,42983424.0,10047782912.0,3872800768.0,0.0,0.0,196608.0,21475966976.0,
0.125,0.125,99.625,0.0,0.0,0.125,4194304.0,196608.0,4555695.0,38711.0,7067430912.0,42991616.0,10048671744.0,3871989760.0,0.0,0.0,196608.0,21475966976.0,
0.249,0.125,99.377,0.125,0.0,0.125,0.0,40960.0,4273603.0,42071.0,7067299840.0,42999808.0,10047770624.0,3873013760.0,0.0,0.0,196608.0,21475966976.0,
0.125,0.125,99.750,0.0,0.0,0.0,0.0,114688.0,5171909.0,64279.0,7067357184.0,42999808.0,10046586880.0,3874140160.0,0.0,0.0,196608.0,21475966976.0,
1.124,0.125,98.627,0.0,0.0,0.125,0.0,0.0,4985495.0,45715.0,7066730496.0,42999808.0,10045689856.0,3875663872.0,0.0,0.0,196608.0,21475966976.0,
0.375,0.250,98.502,0.749,0.0,0.125,8495104.0,0.0,7907179.0,78051.0,7066804224.0,43003904.0,10048704512.0,3872571392.0,0.0,0.0,196608.0,21475966976.0,
0.375,0.125,99.499,0.0,0.0,0.0,0.0,0.0,5434522.0,49154.0,7066779648.0,43003904.0,10047848448.0,3873452032.0,0.0,0.0,196608.0,21475966976.0,
0.374,0.125,99.252,0.125,0.0,0.125,4349952.0,0.0,6072104.0,49674.0,7066775552.0,43016192.0,10048847872.0,3872444416.0,0.0,0.0,196608.0,21475966976.0,
4.120,0.499,95.006,0.0,0.125,0.250,0.0,57344.0,6461363.0,65416.0,7065894912.0,43024384.0,10047942656.0,3874222080.0,0.0,0.0,196608.0,21475966976.0,
1.373,0.250,98.252,0.0,0.0,0.125,4194304.0,32768.0,7389110.0,67807.0,7065792512.0,43032576.0,10048847872.0,3873411072.0,0.0,0.0,196608.0,21475966976.0,
0.250,0.125,99.500,0.0,0.0,0.125,0.0,0.0,8446919.0,78961.0,7065665536.0,43032576.0,10047950848.0,3874435072.0,0.0,0.0,196608.0,21475966976.0,
1.247,0.748,97.880,0.0,0.0,0.125,4243456.0,0.0,8323733.0,74049.0,7065477120.0,43036672.0,10048811008.0,3873759232.0,0.0,0.0,196608.0,21475966976.0,
0.375,0.125,99.374,0.0,0.0,0.125,0.0,40960.0,8534115.0,80423.0,7065174016.0,43044864.0,10047963136.0,3874902016.0,0.0,0.0,196608.0,21475966976.0,
0.250,0.250,99.376,0.0,0.0,0.125,4194304.0,0.0,8990649.0,99441.0,7065370624.0,43044864.0,10048716800.0,3873951744.0,0.0,0.0,196608.0,21475966976.0,
0.375,0.125,99.375,0.0,0.0,0.125,0.0,32768.0,7237983.0,60359.0,7065243648.0,43053056.0,10047811584.0,3874975744.0,0.0,0.0,196608.0,21475966976.0,
1.373,0.499,98.002,0.0,0.0,0.125,4202496.0,0.0,6945159.0,69493.0,7065120768.0,43057152.0,10048913408.0,3873992704.0,0.0,0.0,196608.0,21475966976.0,
0.499,0.250,99.126,0.0,0.0,0.125,0.0,0.0,13216631.0,105595.0,7065563136.0,43057152.0,10047717376.0,3874746368.0,0.0,0.0,196608.0,21475966976.0,
0.499,0.250,99.001,0.125,0.0,0.125,4194304.0,73728.0,10854303.0,87849.0,7065178112.0,43065344.0,10049015808.0,3873824768.0,0.0,0.0,196608.0,21475966976.0,
2.622,0.499,96.629,0.0,0.0,0.250,0.0,0.0,11305302.0,120709.0,7063425024.0,43065344.0,10048221184.0,3876372480.0,0.0,0.0,196608.0,21475966976.0,
0.250,0.250,99.250,0.0,0.0,0.250,0.0,0.0,9910769.0,83721.0,7063527424.0,43065344.0,10047033344.0,3877457920.0,0.0,0.0,196608.0,21475966976.0,
0.499,0.250,99.126,0.0,0.0,0.125,0.0,40960.0,11602969.0,99891.0,7063441408.0,43073536.0,10046128128.0,3878440960.0,0.0,0.0,196608.0,21475966976.0,
0.374,0.249,98.753,0.374,0.125,0.125,2056192.0,0.0,9928603.0,91953.0,7063748608.0,43077632.0,10048716800.0,3875540992.0,0.0,0.0,196608.0,21475966976.0,
0.751,0.0,98.874,0.250,0.0,0.125,6438912.0,49152.0,7423485.0,72009.0,7063494656.0,43085824.0,10047811584.0,3876691968.0,0.0,0.0,196608.0,21475966976.0,
4.500,0.625,94.750,0.0,0.0,0.125,4349952.0,0.0,7372568.0,66106.0,7063433216.0,43098112.0,10048958464.0,3875594240.0,0.0,0.0,196608.0,21475966976.0,
0.250,0.125,99.376,0.0,0.0,0.250,0.0,0.0,7119931.0,70970.0,7063568384.0,43098112.0,10047762432.0,3876655104.0,0.0,0.0,196608.0,21475966976.0,
0.374,0.249,99.252,0.0,0.0,0.125,4194304.0,32768.0,5078507.0,50819.0,7063121920.0,43106304.0,10049142784.0,3875713024.0,0.0,0.0,196608.0,21475966976.0,
1.001,0.501,98.498,0.0,0.0,0.0,0.0,0.0,9166670.0,84349.0,7063162880.0,43106304.0,10048348160.0,3876466688.0,0.0,0.0,196608.0,21475966976.0,
1.372,0.748,97.506,0.125,0.0,0.249,4243456.0,40960.0,11284075.0,105895.0,7063326720.0,43118592.0,10049232896.0,3875405824.0,0.0,0.0,196608.0,21475966976.0,
0.375,0.125,99.374,0.0,0.0,0.125,0.0,229376.0,11868247.0,98209.0,7062953984.0,43118592.0,10048335872.0,3876675584.0,0.0,0.0,196608.0,21475966976.0,
0.623,0.249,98.878,0.0,0.0,0.249,4194304.0,0.0,9938234.0,90997.0,7063076864.0,43118592.0,10048905216.0,3875983360.0,0.0,0.0,196608.0,21475966976.0,
1.248,0.624,98.002,0.0,0.0,0.125,0.0,0.0,9961013.0,76037.0,7062949888.0,43118592.0,10048008192.0,3877007360.0,0.0,0.0,196608.0,21475966976.0,
1.625,0.250,98.0,0.0,0.0,0.125,4202496.0,0.0,10865965.0,78469.0,7062507520.0,43122688.0,10049134592.0,3876319232.0,0.0,0.0,196608.0,21475966976.0,
0.499,0.250,99.001,0.0,0.125,0.125,0.0,155648.0,10003601.0,60271.0,7062560768.0,43130880.0,10047930368.0,3877462016.0,0.0,0.0,196608.0,21475966976.0,
1.375,0.750,97.750,0.0,0.0,0.125,4194304.0,237568.0,9994211.0,97653.0,7062409216.0,43139072.0,10049294336.0,3876241408.0,0.0,0.0,196608.0,21475966976.0,
0.500,0.250,99.250,0.0,0.0,0.0,0.0,0.0,10331489.0,73787.0,7062822912.0,43139072.0,10048499712.0,3876622336.0,0.0,0.0,196608.0,21475966976.0,
0.499,0.125,99.001,0.0,0.0,0.375,0.0,0.0,10487349.0,82319.0,7062999040.0,43139072.0,10047303680.0,3877642240.0,0.0,0.0,196608.0,21475966976.0,
2.375,0.625,96.875,0.0,0.0,0.125,0.0,0.0,9944405.0,63007.0,7079505920.0,43139072.0,10046423040.0,3862016000.0,0.0,0.0,196608.0,21475966976.0,
1.743,0.249,97.136,0.498,0.0,0.374,6332416.0,0.0,11469188.0,98463.0,7079538688.0,43143168.0,10049040384.0,3859361792.0,0.0,0.0,196608.0,21475966976.0,
0.375,0.250,99.0,0.250,0.0,0.125,2162688.0,327680.0,9660669.0,70565.0,7078846464.0,43159552.0,10048126976.0,3860951040.0,0.0,0.0,196608.0,21475966976.0,
4.370,0.499,94.881,0.0,0.0,0.250,4349952.0,0.0,9225491.0,91613.0,7096188928.0,43171840.0,10049282048.0,3842441216.0,0.0,0.0,196608.0,21475966976.0,
1.250,0.500,98.125,0.0,0.0,0.125,0.0,0.0,9328047.0,87923.0,7096242176.0,43171840.0,10048086016.0,3843584000.0,0.0,0.0,196608.0,21475966976.0,
0.499,0.250,99.126,0.0,0.0,0.125,4194304.0,0.0,8101931.0,71959.0,7095590912.0,43171840.0,10049470464.0,3842850816.0,0.0,0.0,196608.0,21475966976.0,
0.375,0.125,99.251,0.0,0.0,0.250,0.0,40960.0,9448449.0,97833.0,7095488512.0,43180032.0,10048667648.0,3843747840.0,0.0,0.0,196608.0,21475966976.0,
7.241,0.749,91.885,0.0,0.0,0.125,4243456.0,163840.0,8980485.0,86111.0,7113412608.0,43196416.0,10049466368.0,3825008640.0,0.0,0.0,196608.0,21475966976.0,
0.500,0.250,99.0,0.0,0.0,0.250,0.0,0.0,10196383.0,89113.0,7113166848.0,43196416.0,10048569344.0,3826151424.0,0.0,0.0,196608.0,21475966976.0,
0.374,0.125,99.252,0.0,0.125,0.125,4194304.0,0.0,9559492.0,83371.0,7113170944.0,43196416.0,10049236992.0,3825479680.0,0.0,0.0,196608.0,21475966976.0,
1.375,0.500,98.0,0.0,0.0,0.125,0.0,0.0,8024389.0,73884.0,7112691712.0,43196416.0,10048454656.0,3826741248.0,0.0,0.0,196608.0,21475966976.0,
0.250,0.125,99.625,0.0,0.0,0.0,4202496.0,0.0,5371436.0,44180.0,7112638464.0,43200512.0,10049576960.0,3825668096.0,0.0,0.0,196608.0,21475966976.0,
0.249,0.125,99.377,0.125,0.0,0.125,0.0,73728.0,5761333.0,55623.0,7112392704.0,43208704.0,10048671744.0,3826810880.0,0.0,0.0,196608.0,21475966976.0,
1.875,0.375,97.625,0.0,0.0,0.125,4194304.0,114688.0,6636788.0,49833.0,7111995392.0,43216896.0,10049622016.0,3826249728.0,0.0,0.0,196608.0,21475966976.0,
4.613,0.374,94.763,0.0,0.0,0.249,0.0,0.0,10050595.0,77359.0,7110115328.0,43216896.0,10048827392.0,3828924416.0,0.0,0.0,196608.0,21475966976.0,
0.500,0.125,99.250,0.0,0.0,0.125,0.0,0.0,8256245.0,64325.0,7110168576.0,43216896.0,10047635456.0,3830063104.0,0.0,0.0,196608.0,21475966976.0,
0.250,0.125,99.500,0.0,0.0,0.125,0.0,40960.0,9236051.0,75531.0,7109922816.0,43225088.0,10046730240.0,3831205888.0,0.0,0.0,196608.0,21475966976.0,
2.497,0.749,96.504,0.125,0.0,0.125,8429568.0,0.0,7348483.0,66117.0,7126859776.0,43229184.0,10049318912.0,3811676160.0,0.0,0.0,196608.0,21475966976.0,
0.250,0.125,99.500,0.0,0.0,0.125,65536.0,0.0,8639273.0,72911.0,7126736896.0,43229184.0,10048425984.0,3812691968.0,0.0,0.0,196608.0,21475966976.0,
0.374,0.125,99.128,0.125,0.125,0.125,4349952.0,40960.0,4013509.0,37311.0,7126675456.0,43249664.0,10049601536.0,3811557376.0,0.0,0.0,196608.0,21475966976.0,
0.250,0.250,99.375,0.0,0.0,0.125,0.0,0.0,8466445.0,73353.0,7126609920.0,43249664.0,10048405504.0,3812818944.0,0.0,0.0,196608.0,21475966976.0,
0.499,0.125,99.251,0.0,0.0,0.125,4194304.0,49152.0,8503813.0,61013.0,7126040576.0,43257856.0,10049777664.0,3812007936.0,0.0,0.0,196608.0,21475966976.0,
3.755,0.501,95.620,0.0,0.0,0.125,0.0,0.0,5975734.0,46424.0,7126327296.0,43257856.0,10048983040.0,3812515840.0,0.0,0.0,196608.0,21475966976.0,
0.499,0.249,99.127,0.0,0.0,0.125,4243456.0,0.0,7300807.0,42675.0,7126519808.0,43261952.0,10049921024.0,3811381248.0,0.0,0.0,196608.0,21475966976.0,
0.375,0.125,99.375,0.0,0.0,0.125,0.0,0.0,6863167.0,46593.0,7126269952.0,43261952.0,10049024000.0,3812528128.0,0.0,0.0,196608.0,21475966976.0,
4.120,0.749,95.006,0.0,0.0,0.125,4194304.0,0.0,8545063.0,52785.0,7161303040.0,43261952.0,10049843200.0,3776675840.0,0.0,0.0,196608.0,21475966976.0,
0.375,0.250,99.250,0.0,0.0,0.125,0.0,73728.0,8815903.0,60613.0,7161602048.0,43278336.0,10048630784.0,3777572864.0,0.0,0.0,196608.0,21475966976.0,
0.749,0.250,98.876,0.0,0.0,0.125,4202496.0,229376.0,12613979.0,115749.0,7168569344.0,43282432.0,10049650688.0,3769581568.0,0.0,0.0,196608.0,21475966976.0,
1.623,0.624,97.378,0.0,0.0,0.375,0.0,0.0,14441855.0,123669.0,7168520192.0,43282432.0,10048753664.0,3770527744.0,0.0,0.0,196608.0,21475966976.0,
0.624,0.250,99.001,0.0,0.0,0.125,4194304.0,0.0,14474758.0,103753.0,7168102400.0,43282432.0,10049867776.0,3769831424.0,0.0,0.0,196608.0,21475966976.0,
0.500,0.125,99.125,0.0,0.0,0.250,0.0,0.0,10962944.0,88907.0,7168598016.0,43282432.0,10048872448.0,3770331136.0,0.0,0.0,196608.0,21475966976.0,
3.250,0.750,95.875,0.0,0.0,0.125,0.0,40960.0,9805365.0,74024.0,7185575936.0,43290624.0,10047873024.0,3754344448.0,0.0,0.0,196608.0,21475966976.0,
0.499,0.374,98.878,0.0,0.125,0.125,0.0,393216.0,10687547.0,94392.0,7185571840.0,43298816.0,10046967808.0,3755245568.0,0.0,0.0,196608.0,21475966976.0,
0.875,0.250,98.625,0.0,0.0,0.250,0.0,0.0,13423033.0,98609.0,7185821696.0,43298816.0,10046582784.0,3755380736.0,0.0,0.0,196608.0,21475966976.0,
12.125,4.125,83.0,0.500,0.0,0.250,8495104.0,0.0,16388255.0,139169.0,7003197440.0,43302912.0,10049761280.0,3934822400.0,0.0,0.0,196608.0,21475966976.0,
0.873,0.374,98.504,0.0,0.0,0.249,0.0,0.0,8783529.0,84149.0,7003680768.0,43302912.0,10048733184.0,3935367168.0,0.0,0.0,196608.0,21475966976.0,
0.876,0.501,98.248,0.0,0.0,0.375,4349952.0,0.0,22518861.0,165593.0,7003836416.0,43315200.0,10049814528.0,3934117888.0,0.0,0.0,196608.0,21475966976.0,
2.369,0.873,96.259,0.0,0.125,0.374,0.0,294912.0,25153870.0,240133.0,7020007424.0,43331584.0,10048798720.0,3918946304.0,0.0,0.0,196608.0,21475966976.0,
0.375,0.375,99.250,0.0,0.0,0.0,4194304.0,0.0,7409802.0,51335.0,7020265472.0,43331584.0,10049802240.0,3917684736.0,0.0,0.0,196608.0,21475966976.0,
0.499,0.249,99.127,0.0,0.0,0.125,0.0,0.0,7539889.0,48273.0,7019900928.0,43331584.0,10048802816.0,3919048704.0,0.0,0.0,196608.0,21475966976.0,
0.877,0.376,98.747,0.0,0.0,0.0,4243456.0,0.0,9160215.0,52359.0,7020244992.0,43335680.0,10049597440.0,3917905920.0,0.0,0.0,196608.0,21475966976.0,
4.115,0.499,95.137,0.0,0.0,0.249,0.0,40960.0,10211935.0,63638.0,7036911616.0,43343872.0,10048815104.0,3902013440.0,0.0,0.0,196608.0,21475966976.0,
0.624,0.125,99.001,0.125,0.0,0.125,4194304.0,163840.0,10281222.0,55133.0,7036780544.0,43352064.0,10050002944.0,3900948480.0,0.0,0.0,196608.0,21475966976.0,
0.749,0.375,98.752,0.0,0.0,0.125,0.0,0.0,10215273.0,61949.0,7036772352.0,43352064.0,10048823296.0,3902136320.0,0.0,0.0,196608.0,21475966976.0,
0.625,0.375,98.875,0.0,0.0,0.125,4202496.0,0.0,5274143.0,36864.0,7036358656.0,43356160.0,10050228224.0,3901140992.0,0.0,0.0,196608.0,21475966976.0,
0.374,0.249,99.252,0.0,0.0,0.125,0.0,0.0,9689939.0,60873.0,7036477440.0,43356160.0,10048827392.0,3902423040.0,0.0,0.0,196608.0,21475966976.0,
1.752,0.501,97.747,0.0,0.0,0.0,4194304.0,40960.0,4233621.0,25059.0,7053488128.0,43364352.0,10050015232.0,3884216320.0,0.0,0.0,196608.0,21475966976.0,
1.122,0.374,98.254,0.0,0.0,0.249,0.0,0.0,12960151.0,104757.0,7053479936.0,43364352.0,10048872448.0,3885367296.0,0.0,0.0,196608.0,21475966976.0,
0.375,0.125,99.376,0.0,0.0,0.125,0.0,32768.0,10203305.0,63853.0,7053574144.0,43372544.0,10047873024.0,3886264320.0,0.0,0.0,196608.0,21475966976.0,
1.0,0.250,98.500,0.0,0.125,0.125,0.0,0.0,15142653.0,94937.0,7053336576.0,43372544.0,10046820352.0,3887554560.0,0.0,0.0,196608.0,21475966976.0,
1.375,0.750,96.875,0.875,0.0,0.125,8495104.0,0.0,7941137.0,46069.0,7053443072.0,43376640.0,10049810432.0,3884453888.0,0.0,0.0,196608.0,21475966976.0,
0.250,0.125,99.501,0.0,0.0,0.125,0.0,49152.0,5899765.0,29513.0,7053246464.0,43384832.0,10048983040.0,3885469696.0,0.0,0.0,196608.0,21475966976.0,
1.748,0.250,98.002,0.0,0.0,0.0,4349952.0,0.0,7297995.0,34229.0,7053479936.0,43397120.0,10050179072.0,3884027904.0,0.0,0.0,196608.0,21475966976.0,
3.117,0.623,96.135,0.0,0.0,0.125,0.0,0.0,7338186.0,44003.0,7053049856.0,43397120.0,10049056768.0,3885580288.0,0.0,0.0,196608.0,21475966976.0,
0.125,0.0,99.875,0.0,0.0,0.0,4194304.0,0.0,1996723.0,13693.0,7052791808.0,43397120.0,10050252800.0,3884642304.0,0.0,0.0,196608.0,21475966976.0,
0.250,0.125,99.625,0.0,0.0,0.0,0.0,0.0,416111.0,6579.0,7052836864.0,43397120.0,10049056768.0,3885793280.0,0.0,0.0,196608.0,21475966976.0,
1.0,0.375,98.625,0.0,0.0,0.0,4243456.0,40960.0,286385.0,14569.0,7052443648.0,43409408.0,10050240512.0,3884990464.0,0.0,0.0,196608.0,21475966976.0,
0.125,0.0,99.875,0.0,0.0,0.0,0.0,24576.0,409555.0,11205.0,7052431360.0,43417600.0,10049097728.0,3886137344.0,0.0,0.0,196608.0,21475966976.0,
0.250,0.250,99.501,0.0,0.0,0.0,4194304.0,0.0,139563.0,5467.0,7052484608.0,43417600.0,10049998848.0,3885182976.0,0.0,0.0,196608.0,21475966976.0,
0.874,0.499,98.502,0.0,0.0,0.125,0.0,0.0,395163.0,15059.0,7052320768.0,43417600.0,10049110016.0,3886235648.0,0.0,0.0,196608.0,21475966976.0,
0.250,0.125,99.625,0.0,0.0,0.0,4202496.0,0.0,3847697.0,22513.0,7052058624.0,43421696.0,10050326528.0,3885277184.0,0.0,0.0,196608.0,21475966976.0,
0.125,0.125,99.751,0.0,0.0,0.0,0.0,0.0,1720687.0,13299.0,7051939840.0,43421696.0,10049163264.0,3886559232.0,0.0,0.0,196608.0,21475966976.0,
1.125,0.500,98.375,0.0,0.0,0.0,4194304.0,253952.0,4582593.0,40137.0,7050801152.0,43429888.0,10050351104.0,3886501888.0,0.0,0.0,196608.0,21475966976.0,
0.125,0.0,99.875,0.0,0.0,0.0,0.0,245760.0,551809.0,8303.0,7050838016.0,43438080.0,10049163264.0,3887644672.0,0.0,0.0,196608.0,21475966976.0,
0.125,0.125,99.750,0.0,0.0,0.0,0.0,0.0,414447.0,6719.0,7050711040.0,43438080.0,10048270336.0,3888664576.0,0.0,0.0,196608.0,21475966976.0,
1.0,0.500,98.500,0.0,0.0,0.0,0.0,0.0,690483.0,16319.0,7050625024.0,43438080.0,10047078400.0,3889942528.0,0.0,0.0,196608.0,21475966976.0,
0.125,0.0,99.002,0.873,0.0,0.0,8495104.0,81920.0,414565.0,7113.0,7050481664.0,43450368.0,10050355200.0,3886796800.0,0.0,0.0,196608.0,21475966976.0,
0.250,0.125,99.625,0.0,0.0,0.0,0.0,212992.0,280611.0,21343.0,7051100160.0,43450368.0,10049228800.0,3887304704.0,0.0,0.0,196608.0,21475966976.0,
0.999,0.499,98.502,0.0,0.0,0.0,4349952.0,0.0,967119.0,18295.0,7051026432.0,43462656.0,10050424832.0,3886170112.0,0.0,0.0,196608.0,21475966976.0,
0.250,0.0,99.625,0.0,0.0,0.125,0.0,0.0,1497713.0,12643.0,7050747904.0,43462656.0,10049294336.0,3887579136.0,0.0,0.0,196608.0,21475966976.0,
0.499,0.125,99.251,0.0,0.0,0.125,4194304.0,0.0,7762325.0,38429.0,7050620928.0,43462656.0,10050502656.0,3886497792.0,0.0,0.0,196608.0,21475966976.0,
28.714,4.994,66.042,0.0,0.0,0.250,0.0,40960.0,17193120.0,122263.0,7053848576.0,43470848.0,10049298432.0,3884466176.0,0.0,0.0,196608.0,21475966976.0,
0.751,0.501,98.623,0.0,0.0,0.125,4243456.0,294912.0,24278274.0,121043.0,7053295616.0,43483136.0,10050482176.0,3883823104.0,0.0,0.0,196608.0,21475966976.0,
0.374,0.125,99.377,0.0,0.0,0.125,0.0,0.0,5703184.0,28103.0,7053148160.0,43483136.0,10049327104.0,3885125632.0,0.0,0.0,196608.0,21475966976.0,
1.0,0.375,98.625,0.0,0.0,0.0,4194304.0,0.0,2747067.0,24370.0,7053189120.0,43483136.0,10050224128.0,3884187648.0,0.0,0.0,196608.0,21475966976.0,
0.125,0.125,99.750,0.0,0.0,0.0,0.0,0.0,1651549.0,12573.0,7052931072.0,43483136.0,10049331200.0,3885338624.0,0.0,0.0,196608.0,21475966976.0,
0.623,0.125,98.878,0.125,0.125,0.125,4202496.0,0.0,8750795.0,43013.0,7052922880.0,43487232.0,10050531328.0,3884142592.0,0.0,0.0,196608.0,21475966976.0,
0.874,0.499,98.502,0.0,0.0,0.125,0.0,81920.0,5824727.0,40780.0,7053049856.0,43503616.0,10049368064.0,3885162496.0,0.0,0.0,196608.0,21475966976.0,
0.125,0.0,99.875,0.0,0.0,0.0,4194304.0,0.0,4153.0,5161.0,7052804096.0,43503616.0,10050564096.0,3884212224.0,0.0,0.0,196608.0,21475966976.0,
0.125,0.0,99.875,0.0,0.0,0.0,0.0,0.0,2586.0,4549.0,7052730368.0,43503616.0,10049368064.0,3885481984.0,0.0,0.0,196608.0,21475966976.0,
0.875,0.500,98.625,0.0,0.0,0.0,0.0,0.0,4041.0,12750.0,7052500992.0,43503616.0,10048471040.0,3886608384.0,0.0,0.0,196608.0,21475966976.0,
0.125,0.0,99.875,0.0,0.0,0.0,0.0,40960.0,4485.0,5083.0,7052423168.0,43511808.0,10047262720.0,3887886336.0,0.0,0.0,196608.0,21475966976.0,
0.125,0.125,99.251,0.499,0.0,0.0,8495104.0,0.0,2737.0,12243.0,7052476416.0,43515904.0,10050547712.0,3884544000.0,0.0,0.0,196608.0,21475966976.0,
1.125,0.375,98.500,0.0,0.0,0.0,0.0,32768.0,4809.0,12750.0,7052050432.0,43524096.0,10049433600.0,3886075904.0,0.0,0.0,196608.0,21475966976.0,
0.125,0.125,99.750,0.0,0.0,0.0,4349952.0,0.0,2105.0,5083.0,7052107776.0,43536384.0,10050379776.0,3885060096.0,0.0,0.0,196608.0,21475966976.0,
0.125,0.0,99.875,0.0,0.0,0.0,0.0,0.0,2121.0,4549.0,7051583488.0,43536384.0,10049503232.0,3886460928.0,0.0,0.0,196608.0,21475966976.0,
1.001,0.375,98.623,0.0,0.0,0.0,4194304.0,57344.0,3017.0,12750.0,7051452416.0,43544576.0,10050691072.0,3885395968.0,0.0,0.0,196608.0,21475966976.0,
0.125,0.0,99.875,0.0,0.0,0.0,0.0,0.0,2105.0,5083.0,7051489280.0,43544576.0,10049503232.0,3886546944.0,0.0,0.0,196608.0,21475966976.0,
0.125,0.125,99.750,0.0,0.0,0.0,4243456.0,0.0,2963.0,4729.0,7051726848.0,43548672.0,10050396160.0,3885412352.0,0.0,0.0,196608.0,21475966976.0,
1.498,0.375,98.127,0.0,0.0,0.0,0.0,0.0,4233.0,12750.0,7051198464.0,43548672.0,10049523712.0,3886813184.0,0.0,0.0,196608.0,21475966976.0,
0.125,0.0,99.875,0.0,0.0,0.0,4194304.0,0.0,2105.0,5083.0,7051382784.0,43548672.0,10050420736.0,3885731840.0,0.0,0.0,196608.0,21475966976.0,
0.125,0.0,99.750,0.0,0.0,0.125,0.0,73728.0,1993.0,4549.0,7050985472.0,43556864.0,10049667072.0,3886874624.0,0.0,0.0,196608.0,21475966976.0,
0.625,0.625,98.750,0.0,0.0,0.0,4202496.0,0.0,3233.0,16642.0,7051034624.0,43560960.0,10050568192.0,3885920256.0,0.0,0.0,196608.0,21475966976.0,
0.125,0.0,99.875,0.0,0.0,0.0,0.0,24576.0,3568.0,5083.0,7050502144.0,43569152.0,10049683456.0,3887329280.0,0.0,0.0,196608.0,21475966976.0,
0.125,0.0,99.875,0.0,0.0,0.0,4194304.0,0.0,2057.0,4549.0,7050670080.0,43569152.0,10050580480.0,3886264320.0,0.0,0.0,196608.0,21475966976.0,
0.749,0.624,98.627,0.0,0.0,0.0,0.0,0.0,3145.0,12750.0,7050424320.0,43569152.0,10049683456.0,3887407104.0,0.0,0.0,196608.0,21475966976.0,
0.0,0.0,100.0,0.0,0.0,0.0,0.0,40960.0,2105.0,5083.0,7050473472.0,43577344.0,10048479232.0,3888553984.0,0.0,0.0,196608.0,21475966976.0,
0.125,0.0,99.875,0.0,0.0,0.0,0.0,196608.0,5203.0,23751.0,7050186752.0,43577344.0,10047623168.0,3889696768.0,0.0,0.0,196608.0,21475966976.0,
1.623,0.499,97.378,0.499,0.0,0.0,8429568.0,0.0,3081.0,12828.0,7050477568.0,43581440.0,10050609152.0,3886415872.0,0.0,0.0,196608.0,21475966976.0,
0.125,0.0,99.875,0.0,0.0,0.0,65536.0,0.0,5369.0,5083.0,7050170368.0,43581440.0,10049773568.0,3887558656.0,0.0,0.0,196608.0,21475966976.0,
0.125,0.125,99.750,0.0,0.0,0.0,4349952.0,0.0,2057.0,4549.0,7050227712.0,43593728.0,10050658304.0,3886604288.0,0.0,0.0,196608.0,21475966976.0,
0.750,0.500,98.750,0.0,0.0,0.0,0.0,0.0,4775.0,12750.0,7049904128.0,43593728.0,10049839104.0,3887747072.0,0.0,0.0,196608.0,21475966976.0,
0.125,0.125,99.626,0.125,0.0,0.0,4194304.0,442368.0,6329.0,5083.0,7050715136.0,43610112.0,10050719744.0,3886039040.0,0.0,0.0,196608.0,21475966976.0,
0.0,0.0,100.0,0.0,0.0,0.0,0.0,0.0,2249.0,4549.0,7050452992.0,43610112.0,10049839104.0,3887181824.0,0.0,0.0,196608.0,21475966976.0,
1.248,0.624,98.127,0.0,0.0,0.0,4243456.0,0.0,26550.0,19638.0,7068061696.0,43614208.0,10050732032.0,3868676096.0,0.0,0.0,196608.0,21475966976.0,
0.125,0.0,99.875,0.0,0.0,0.0,0.0,0.0,26127.0,6203.0,7067529216.0,43614208.0,10049867776.0,3870072832.0,0.0,0.0,196608.0,21475966976.0,
0.125,0.125,99.750,0.0,0.0,0.0,4194304.0,204800.0,19238.0,5529.0,7067533312.0,43622400.0,10050756608.0,3869171712.0,0.0,0.0,196608.0,21475966976.0,
2.622,0.499,96.754,0.0,0.0,0.125,0.0,106496.0,19113.0,13520.0,7066763264.0,43630592.0,10049859584.0,3870830592.0,0.0,0.0,196608.0,21475966976.0,
0.0,0.0,100.0,0.0,0.0,0.0,4202496.0,0.0,125438.0,9533.0,7066677248.0,43634688.0,10050760704.0,3870011392.0,0.0,0.0,196608.0,21475966976.0,
0.249,0.125,99.626,0.0,0.0,0.0,0.0,0.0,299419.0,11619.0,7066140672.0,43634688.0,10049867776.0,3871440896.0,0.0,0.0,196608.0,21475966976.0,
1.502,0.751,97.622,0.0,0.0,0.125,4194304.0,0.0,696112.0,25728.0,7066316800.0,43634688.0,10050772992.0,3870359552.0,0.0,0.0,196608.0,21475966976.0,
0.125,0.0,99.875,0.0,0.0,0.0,0.0,40960.0,598712.0,15583.0,7066042368.0,43642880.0,10049900544.0,3871498240.0,0.0,0.0,196608.0,21475966976.0,
0.125,0.125,99.750,0.0,0.0,0.0,0.0,32768.0,1807523.0,31967.0,7065964544.0,43651072.0,10048696320.0,3872772096.0,0.0,0.0,196608.0,21475966976.0,
2.120,0.873,96.758,0.0,0.125,0.125,0.0,0.0,1267603.0,30052.0,7099318272.0,43651072.0,10047852544.0,3840262144.0,0.0,0.0,196608.0,21475966976.0,
0.375,0.250,98.375,0.875,0.0,0.125,8429568.0,0.0,7097905.0,74937.0,7117180928.0,43655168.0,10050838528.0,3819409408.0,0.0,0.0,196608.0,21475966976.0,
5.362,0.0,94.514,0.0,0.0,0.125,65536.0,0.0,2335365.0,27929.0,7116939264.0,43655168.0,10049998848.0,3820490752.0,0.0,0.0,196608.0,21475966976.0,
12.095,0.623,87.157,0.125,0.0,0.0,4349952.0,0.0,803003.0,30834.0,7117377536.0,43667456.0,10051182592.0,3818856448.0,0.0,0.0,196608.0,21475966976.0,
0.250,0.0,99.625,0.0,0.0,0.125,0.0,49152.0,3159441.0,62583.0,7117008896.0,43675648.0,10050101248.0,3820298240.0,0.0,0.0,196608.0,21475966976.0,
0.250,0.250,99.376,0.0,0.0,0.125,4194304.0,40960.0,4759368.0,75541.0,7117180928.0,43683840.0,10050994176.0,3819225088.0,0.0,0.0,196608.0,21475966976.0,
0.999,0.499,98.252,0.0,0.0,0.250,0.0,0.0,4842410.0,69730.0,7117123584.0,43683840.0,10050105344.0,3820171264.0,0.0,0.0,196608.0,21475966976.0,
0.501,0.125,99.249,0.0,0.0,0.125,4243456.0,0.0,9416524.0,116931.0,7116910592.0,43687936.0,10051018752.0,3819466752.0,0.0,0.0,196608.0,21475966976.0,
0.499,0.249,99.127,0.0,0.0,0.125,0.0,73728.0,8498685.0,132649.0,7116472320.0,43696128.0,10050179072.0,3820736512.0,0.0,0.0,196608.0,21475966976.0,
3.004,0.626,96.245,0.0,0.0,0.125,4194304.0,0.0,8955247.0,90594.0,7133339648.0,43696128.0,10051076096.0,3802972160.0,0.0,0.0,196608.0,21475966976.0,
0.375,0.125,99.376,0.0,0.0,0.125,0.0,163840.0,5039271.0,48261.0,7134343168.0,43708416.0,10050187264.0,3802845184.0,0.0,0.0,196608.0,21475966976.0,
0.499,0.375,98.876,0.0,0.0,0.250,4202496.0,0.0,17313221.0,163343.0,7134396416.0,43712512.0,10051080192.0,3801894912.0,0.0,0.0,196608.0,21475966976.0,
1.0,0.500,98.500,0.0,0.0,0.0,0.0,0.0,6827446.0,80434.0,7134138368.0,43712512.0,10050191360.0,3803041792.0,0.0,0.0,196608.0,21475966976.0,
0.250,0.125,99.625,0.0,0.0,0.0,4194304.0,40960.0,4460599.0,78793.0,7134179328.0,43720704.0,10051080192.0,3802103808.0,0.0,0.0,196608.0,21475966976.0,
0.250,0.125,99.501,0.0,0.0,0.125,0.0,0.0,6127379.0,92399.0,7133925376.0,43720704.0,10050191360.0,3803246592.0,0.0,0.0,196608.0,21475966976.0,
1.124,0.624,98.127,0.0,0.0,0.125,0.0,0.0,5940053.0,83490.0,7133765632.0,43720704.0,10048995328.0,3804602368.0,0.0,0.0,196608.0,21475966976.0,
0.873,1.995,96.883,0.0,0.125,0.125,0.0,0.0,9011627.0,78863.0,7133618176.0,43720704.0,10048135168.0,3805609984.0,0.0,0.0,196608.0,21475966976.0,
0.250,0.125,98.752,0.749,0.0,0.125,8429568.0,0.0,5956361.0,58411.0,7133704192.0,43724800.0,10051137536.0,3802517504.0,0.0,0.0,196608.0,21475966976.0,
2.003,0.501,97.372,0.0,0.0,0.125,65536.0,172032.0,5365154.0,66090.0,7133335552.0,43732992.0,10050289664.0,3803725824.0,0.0,0.0,196608.0,21475966976.0,
0.499,0.249,98.628,0.499,0.0,0.125,4366336.0,12648448.0,7951807.0,67873.0,7133560832.0,43765760.0,10051162112.0,3802595328.0,0.0,0.0,196608.0,21475966976.0,
0.624,0.375,98.752,0.0,0.0,0.250,0.0,311296.0,9222709.0,81689.0,7133061120.0,43773952.0,10050363392.0,3803885568.0,0.0,0.0,196608.0,21475966976.0,
1.248,0.624,97.878,0.0,0.125,0.125,4194304.0,0.0,15471219.0,129300.0,7133261824.0,43773952.0,10051260416.0,3802787840.0,0.0,0.0,196608.0,21475966976.0,
0.501,0.375,98.623,0.0,0.0,0.501,0.0,0.0,18537455.0,130977.0,7132884992.0,43773952.0,10050367488.0,3804057600.0,0.0,0.0,196608.0,21475966976.0,
0.749,0.749,98.252,0.125,0.0,0.125,4243456.0,671744.0,12648437.0,106427.0,7168122880.0,43778048.0,10051354624.0,3767828480.0,0.0,0.0,196608.0,21475966976.0,
6.991,0.749,91.261,0.624,0.0,0.375,0.0,622592.0,17488242.0,215253.0,7184207872.0,43786240.0,10050387968.0,3752701952.0,0.0,0.0,196608.0,21475966976.0,
1.124,0.499,98.127,0.0,0.0,0.250,4194304.0,0.0,17753539.0,161886.0,7184445440.0,43786240.0,10051284992.0,3751567360.0,0.0,0.0,196608.0,21475966976.0,
0.875,0.375,98.500,0.0,0.0,0.250,0.0,221184.0,17921110.0,166849.0,7184760832.0,43794432.0,10050199552.0,3752329216.0,0.0,0.0,196608.0,21475966976.0,
1.372,0.499,97.756,0.0,0.125,0.249,4202496.0,0.0,8676138.0,75256.0,7184695296.0,43798528.0,10051198976.0,3751391232.0,0.0,0.0,196608.0,21475966976.0,
0.375,0.250,98.750,0.500,0.0,0.125,0.0,647168.0,7984765.0,64158.0,7184224256.0,43798528.0,10050404352.0,3752656896.0,0.0,0.0,196608.0,21475966976.0,
0.250,0.250,82.625,16.750,0.0,0.125,2097152.0,3489792.0,8059435.0,60619.0,7184941056.0,43806720.0,10050994176.0,3751342080.0,0.0,0.0,196608.0,21475966976.0,
9.988,0.874,77.903,10.986,0.0,0.250,2097152.0,2564096.0,3332299.0,36929.0,7218601984.0,43806720.0,10050408448.0,3718266880.0,0.0,0.0,196608.0,21475966976.0,
0.499,0.125,87.016,12.235,0.0,0.125,0.0,2310144.0,4875171.0,56433.0,7218917376.0,43806720.0,10049216512.0,3719143424.0,0.0,0.0,196608.0,21475966976.0,
0.500,0.125,87.500,11.750,0.0,0.125,0.0,2015232.0,11470963.0,120609.0,7218552832.0,43806720.0,10048311296.0,3720413184.0,0.0,0.0,196608.0,21475966976.0,
7.125,0.625,89.625,2.500,0.0,0.125,1925120.0,811008.0,4589421.0,52959.0,7226880000.0,43819008.0,10051186688.0,3709198336.0,0.0,0.0,196608.0,21475966976.0,
0.374,0.125,99.002,0.374,0.0,0.125,6569984.0,49152.0,5558653.0,66793.0,7226445824.0,43827200.0,10050461696.0,3710349312.0,0.0,0.0,196608.0,21475966976.0,
0.375,0.125,99.500,0.0,0.0,0.0,139264.0,0.0,3614795.0,36583.0,7226372096.0,43831296.0,10050461696.0,3710418944.0,0.0,0.0,196608.0,21475966976.0,
0.874,0.624,98.252,0.125,0.0,0.125,4210688.0,0.0,5709821.0,64171.0,7226597376.0,43839488.0,10051469312.0,3709177856.0,0.0,0.0,196608.0,21475966976.0,
0.749,0.250,98.876,0.0,0.125,0.0,0.0,0.0,4621834.0,67505.0,7226368000.0,43839488.0,10050572288.0,3710304256.0,0.0,0.0,196608.0,21475966976.0,
6.367,0.0,93.508,0.0,0.0,0.125,4194304.0,122880.0,1762805.0,32199.0,7225905152.0,43855872.0,10051465216.0,3709857792.0,0.0,0.0,196608.0,21475966976.0,
2.0,0.875,97.125,0.0,0.0,0.0,0.0,0.0,2912961.0,38423.0,7277871104.0,43855872.0,10050568192.0,3658788864.0,0.0,0.0,196608.0,21475966976.0,
0.249,0.125,99.501,0.0,0.0,0.125,4243456.0,0.0,2588373.0,42401.0,7278047232.0,43859968.0,10051493888.0,3657682944.0,0.0,0.0,196608.0,21475966976.0,
0.125,0.125,99.625,0.0,0.0,0.125,0.0,0.0,3223317.0,66663.0,7277785088.0,43859968.0,10050596864.0,3658842112.0,0.0,0.0,196608.0,21475966976.0,
1.373,0.624,97.878,0.0,0.0,0.125,4194304.0,0.0,5585046.0,93011.0,7278116864.0,43859968.0,10051526656.0,3657580544.0,0.0,0.0,196608.0,21475966976.0,
1.377,0.125,98.373,0.0,0.0,0.125,0.0,24576.0,8728496.0,147855.0,7276765184.0,43868160.0,10050625536.0,3659825152.0,0.0,0.0,196608.0,21475966976.0,
5.611,0.249,93.766,0.125,0.0,0.249,4202496.0,40960.0,6524869.0,71819.0,7276994560.0,43880448.0,10051538944.0,3658670080.0,0.0,0.0,196608.0,21475966976.0,
1.125,0.750,97.875,0.0,0.0,0.250,0.0,0.0,12248605.0,152640.0,7294525440.0,43880448.0,10050641920.0,3642036224.0,0.0,0.0,196608.0,21475966976.0,
0.499,0.250,99.126,0.0,0.0,0.125,4194304.0,0.0,5275958.0,70778.0,7311958016.0,43880448.0,10051538944.0,3623706624.0,0.0,0.0,196608.0,21475966976.0,
0.749,0.375,98.627,0.0,0.0,0.250,0.0,0.0,9768862.0,119107.0,7329738752.0,43880448.0,10050641920.0,3606822912.0,0.0,0.0,196608.0,21475966976.0,
26.185,0.998,72.569,0.0,0.0,0.249,0.0,122880.0,11005975.0,131594.0,7397568512.0,43888640.0,10049437696.0,3540189184.0,0.0,0.0,196608.0,21475966976.0,
5.639,0.376,93.860,0.0,0.0,0.125,0.0,0.0,8038891.0,88142.0,7416635392.0,43888640.0,10048643072.0,3521916928.0,0.0,0.0,196608.0,21475966976.0,
0.747,0.249,98.381,0.249,0.125,0.249,8495104.0,90112.0,7983582.0,117797.0,7416815616.0,43900928.0,10051559424.0,3518808064.0,0.0,0.0,196608.0,21475966976.0,
1.0,0.375,98.625,0.0,0.0,0.0,0.0,0.0,5119975.0,82633.0,7417057280.0,43900928.0,10050768896.0,3519356928.0,0.0,0.0,196608.0,21475966976.0,
0.624,0.250,99.001,0.0,0.0,0.125,4349952.0,0.0,6411171.0,103487.0,7416950784.0,43913216.0,10051665920.0,3518554112.0,0.0,0.0,196608.0,21475966976.0,
0.500,0.125,99.250,0.0,0.0,0.125,0.0,155648.0,6364973.0,107987.0,7416856576.0,43921408.0,10050863104.0,3519442944.0,0.0,0.0,196608.0,21475966976.0,
12.360,0.499,86.891,0.0,0.0,0.250,4194304.0,0.0,5166407.0,138107.0,7417106432.0,43921408.0,10051661824.0,3518394368.0,0.0,0.0,196608.0,21475966976.0,
0.499,0.250,99.126,0.0,0.0,0.125,0.0,0.0,6332973.0,128563.0,7416745984.0,43921408.0,10050871296.0,3519545344.0,0.0,0.0,196608.0,21475966976.0,
0.375,0.125,99.375,0.0,0.0,0.125,4243456.0,0.0,3261169.0,64991.0,7416737792.0,43925504.0,10051870720.0,3518550016.0,0.0,0.0,196608.0,21475966976.0,
1.498,0.749,97.628,0.0,0.0,0.125,0.0,0.0,7513409.0,120909.0,7416963072.0,43925504.0,10050891776.0,3519303680.0,0.0,0.0,196608.0,21475966976.0,
0.624,0.375,98.876,0.0,0.0,0.125,4194304.0,393216.0,2956933.0,65437.0,7417520128.0,43941888.0,10051702784.0,3517919232.0,0.0,0.0,196608.0,21475966976.0,
0.250,0.0,99.625,0.0,0.0,0.125,0.0,0.0,7312209.0,143209.0,7418101760.0,43941888.0,10050609152.0,3518431232.0,0.0,0.0,196608.0,21475966976.0,
0.999,0.499,98.377,0.0,0.0,0.125,4202496.0,0.0,3575607.0,61829.0,7417913344.0,43945984.0,10051747840.0,3517476864.0,0.0,0.0,196608.0,21475966976.0,
0.749,0.250,98.876,0.0,0.0,0.125,0.0,0.0,6546811.0,106013.0,7417303040.0,43945984.0,10050953216.0,3518881792.0,0.0,0.0,196608.0,21475966976.0,
0.250,0.125,99.625,0.0,0.0,0.0,4194304.0,0.0,6363995.0,85119.0,7417421824.0,43945984.0,10051747840.0,3517968384.0,0.0,0.0,196608.0,21475966976.0,
0.998,0.499,98.254,0.0,0.0,0.249,0.0,286720.0,7529995.0,101474.0,7416434688.0,43962368.0,10050940928.0,3519746048.0,0.0,0.0,196608.0,21475966976.0,
0.749,0.250,98.752,0.0,0.125,0.125,0.0,0.0,6417911.0,94486.0,7416451072.0,43962368.0,10049654784.0,3521015808.0,0.0,0.0,196608.0,21475966976.0,
0.375,0.250,99.249,0.0,0.0,0.125,0.0,0.0,8203079.0,120461.0,7416356864.0,43962368.0,10048860160.0,3521904640.0,0.0,0.0,196608.0,21475966976.0,
1.372,0.499,97.132,0.748,0.0,0.249,8495104.0,0.0,9163821.0,133262.0,7416758272.0,43966464.0,10051801088.0,3518558208.0,0.0,0.0,196608.0,21475966976.0,
0.625,0.250,98.875,0.0,0.0,0.250,0.0,0.0,10194783.0,140352.0,7416143872.0,43966464.0,10051026944.0,3519946752.0,0.0,0.0,196608.0,21475966976.0,
0.626,0.250,98.999,0.0,0.0,0.125,4349952.0,81920.0,13408109.0,162889.0,7416147968.0,43986944.0,10051919872.0,3519029248.0,0.0,0.0,196608.0,21475966976.0,
1.372,0.623,97.756,0.0,0.0,0.249,0.0,106496.0,9257177.0,116314.0,7416168448.0,43995136.0,10051121152.0,3519799296.0,0.0,0.0,196608.0,21475966976.0,
0.624,0.250,98.876,0.0,0.0,0.250,4194304.0,0.0,11437077.0,152118.0,7416274944.0,43995136.0,10051932160.0,3518881792.0,0.0,0.0,196608.0,21475966976.0,
0.500,0.250,99.0,0.0,0.0,0.250,0.0,0.0,8361875.0,116829.0,7415672832.0,43995136.0,10051137536.0,3520278528.0,0.0,0.0,196608.0,21475966976.0,
1.124,0.499,98.252,0.0,0.0,0.125,4243456.0,0.0,10993539.0,149980.0,7416242176.0,43999232.0,10051739648.0,3519102976.0,0.0,0.0,196608.0,21475966976.0,
0.500,0.375,98.875,0.0,0.0,0.250,0.0,40960.0,10861005.0,135948.0,7415926784.0,44007424.0,10051149824.0,3520000000.0,0.0,0.0,196608.0,21475966976.0,
0.499,0.249,99.002,0.0,0.0,0.249,4194304.0,24576.0,11213581.0,150181.0,7416078336.0,44015616.0,10052001792.0,3518988288.0,0.0,0.0,196608.0,21475966976.0,
2.875,0.750,96.250,0.0,0.0,0.125,0.0,0.0,9030331.0,123402.0,7445565440.0,44015616.0,10051305472.0,3490197504.0,0.0,0.0,196608.0,21475966976.0,
1.375,0.625,97.750,0.0,0.0,0.250,4202496.0,0.0,13082309.0,190270.0,7463051264.0,44019712.0,10052055040.0,3471958016.0,0.0,0.0,196608.0,21475966976.0,
0.749,0.375,98.502,0.0,0.0,0.375,0.0,0.0,15960909.0,196909.0,7462948864.0,44019712.0,10051276800.0,3472838656.0,0.0,0.0,196608.0,21475966976.0,
1.247,0.499,97.631,0.125,0.125,0.374,4194304.0,40960.0,16198946.0,211154.0,7463067648.0,44027904.0,10052063232.0,3471925248.0,0.0,0.0,196608.0,21475966976.0,
3.0,0.625,96.125,0.0,0.0,0.250,0.0,409600.0,15226532.0,218980.0,7463067648.0,44036096.0,10051059712.0,3472920576.0,0.0,0.0,196608.0,21475966976.0,
0.623,0.374,98.753,0.0,0.0,0.249,0.0,0.0,12446151.0,159607.0,7462756352.0,44036096.0,10049974272.0,3474317312.0,0.0,0.0,196608.0,21475966976.0,
5.006,0.501,94.368,0.0,0.0,0.125,0.0,0.0,10617125.0,138708.0,7462928384.0,44036096.0,10049179648.0,3474939904.0,0.0,0.0,196608.0,21475966976.0,
0.998,0.623,97.007,0.998,0.0,0.374,8495104.0,0.0,17361359.0,230664.0,7463104512.0,44040192.0,10052091904.0,3471847424.0,0.0,0.0,196608.0,21475966976.0,
0.874,0.375,98.377,0.0,0.125,0.250,0.0,122880.0,17776191.0,220359.0,7463047168.0,44048384.0,10051485696.0,3472502784.0,0.0,0.0,196608.0,21475966976.0,
1.502,0.626,97.497,0.0,0.0,0.375,4349952.0,344064.0,17811694.0,225838.0,7463333888.0,44068864.0,10052190208.0,3471491072.0,0.0,0.0,196608.0,21475966976.0,
3.121,0.624,96.005,0.0,0.0,0.250,0.0,0.0,15153263.0,197123.0,7497408512.0,44068864.0,10051395584.0,3438211072.0,0.0,0.0,196608.0,21475966976.0,
0.625,0.375,98.750,0.0,0.0,0.250,4194304.0,0.0,15664217.0,177025.0,7498022912.0,44068864.0,10052190208.0,3436802048.0,0.0,0.0,196608.0,21475966976.0,
1.122,0.499,98.130,0.0,0.0,0.249,0.0,0.0,11776607.0,126784.0,7498104832.0,44068864.0,10051100672.0,3437809664.0,0.0,0.0,196608.0,21475966976.0,
1.0,0.250,98.500,0.0,0.0,0.250,4243456.0,122880.0,11527883.0,132926.0,7497543680.0,44081152.0,10052149248.0,3437309952.0,0.0,0.0,196608.0,21475966976.0,
0.500,0.375,99.0,0.0,0.0,0.125,0.0,106496.0,13304413.0,164069.0,7497379840.0,44089344.0,10051407872.0,3438206976.0,0.0,0.0,196608.0,21475966976.0,
1.122,0.623,97.880,0.0,0.125,0.249,4194304.0,0.0,11502827.0,128806.0,7497580544.0,44089344.0,10052214784.0,3437199360.0,0.0,0.0,196608.0,21475966976.0,
1.998,0.499,97.253,0.0,0.0,0.250,0.0,0.0,10726910.0,126498.0,7513915392.0,44089344.0,10051424256.0,3421655040.0,0.0,0.0,196608.0,21475966976.0,
1.0,0.250,98.500,0.0,0.0,0.250,4202496.0,0.0,7813482.0,100144.0,7530827776.0,44093440.0,10052222976.0,3403939840.0,0.0,0.0,196608.0,21475966976.0,
1.375,0.500,98.125,0.0,0.0,0.0,0.0,221184.0,5753618.0,76199.0,7549505536.0,44093440.0,10051440640.0,3386044416.0,0.0,0.0,196608.0,21475966976.0,
0.499,0.499,98.752,0.125,0.0,0.125,4194304.0,245760.0,5518073.0,78123.0,7567323136.0,44109824.0,10052378624.0,3367272448.0,0.0,0.0,196608.0,21475966976.0,
0.375,0.250,99.251,0.0,0.0,0.125,0.0,0.0,6132007.0,77521.0,7567372288.0,44109824.0,10051186688.0,3368415232.0,0.0,0.0,196608.0,21475966976.0,
2.253,0.751,96.871,0.0,0.0,0.125,0.0,0.0,13008043.0,133835.0,7599812608.0,44109824.0,10050396160.0,3336765440.0,0.0,0.0,196608.0,21475966976.0,
2.494,0.623,96.633,0.0,0.0,0.249,0.0,0.0,6876505.0,78727.0,7616630784.0,44109824.0,10049204224.0,3321139200.0,0.0,0.0,196608.0,21475966976.0,
0.499,0.0,98.502,0.874,0.0,0.125,8429568.0,565248.0,8456417.0,85827.0,7616557056.0,44113920.0,10052268032.0,3318145024.0,0.0,0.0,196608.0,21475966976.0,
0.875,0.375,98.625,0.0,0.0,0.125,65536.0,98304.0,10625941.0,146769.0,7616372736.0,44130304.0,10051457024.0,3319123968.0,0.0,0.0,196608.0,21475966976.0,
1.124,0.499,98.252,0.0,0.0,0.125,4349952.0,0.0,6418415.0,72127.0,7616417792.0,44142592.0,10052419584.0,3318104064.0,0.0,0.0,196608.0,21475966976.0,
0.375,0.0,99.375,0.0,0.125,0.125,0.0,0.0,5902489.0,75593.0,7616397312.0,44142592.0,10051289088.0,3319255040.0,0.0,0.0,196608.0,21475966976.0,
0.998,0.499,98.379,0.0,0.0,0.125,4194304.0,0.0,6161987.0,60899.0,7616331776.0,44142592.0,10052497408.0,3318112256.0,0.0,0.0,196608.0,21475966976.0,
7.990,0.375,91.511,0.0,0.0,0.125,0.0,81920.0,5345705.0,81027.0,7633395712.0,44150784.0,10051297280.0,3302240256.0,0.0,0.0,196608.0,21475966976.0,
0.624,0.250,99.001,0.0,0.0,0.125,4243456.0,0.0,5175601.0,87425.0,7633494016.0,44154880.0,10052493312.0,3300941824.0,0.0,0.0,196608.0,21475966976.0,
5.500,0.625,93.875,0.0,0.0,0.0,0.0,40960.0,5625017.0,74319.0,7665541120.0,44163072.0,10051293184.0,3270086656.0,0.0,0.0,196608.0,21475966976.0,
0.874,0.250,98.627,0.0,0.0,0.250,4194304.0,0.0,5330317.0,81331.0,7665205248.0,44163072.0,10052521984.0,3269193728.0,0.0,0.0,196608.0,21475966976.0,
0.500,0.125,99.375,0.0,0.0,0.0,0.0,0.0,5469893.0,75739.0,7665262592.0,44163072.0,10051330048.0,3270328320.0,0.0,0.0,196608.0,21475966976.0,
0.875,0.500,98.625,0.0,0.0,0.0,4202496.0,0.0,5124651.0,58449.0,7665119232.0,44167168.0,10052517888.0,3269279744.0,0.0,0.0,196608.0,21475966976.0,
0.499,0.125,99.001,0.125,0.0,0.250,0.0,40960.0,6105425.0,86013.0,7665172480.0,44175360.0,10051432448.0,3270303744.0,0.0,0.0,196608.0,21475966976.0,
0.250,0.125,99.501,0.0,0.0,0.125,4194304.0,32768.0,3440507.0,42741.0,7664959488.0,44183552.0,10052517888.0,3269423104.0,0.0,0.0,196608.0,21475966976.0,
0.874,0.499,98.502,0.0,0.0,0.125,0.0,0.0,5792099.0,65701.0,7665074176.0,44183552.0,10051334144.0,3270492160.0,0.0,0.0,196608.0,21475966976.0,
0.750,0.125,99.125,0.0,0.0,0.0,0.0,0.0,5528967.0,81507.0,7664709632.0,44183552.0,10050555904.0,3271634944.0,0.0,0.0,196608.0,21475966976.0,
0.375,0.125,99.376,0.0,0.0,0.125,0.0,40960.0,4088428.0,46132.0,7664877568.0,44191744.0,10049355776.0,3272658944.0,0.0,0.0,196608.0,21475966976.0,
0.874,0.375,97.878,0.749,0.0,0.125,8429568.0,0.0,5801120.0,71067.0,7664775168.0,44195840.0,10052427776.0,3269685248.0,0.0,0.0,196608.0,21475966976.0,
0.874,0.250,98.627,0.0,0.125,0.125,65536.0,0.0,5542497.0,70283.0,7664648192.0,44195840.0,10051633152.0,3270606848.0,0.0,0.0,196608.0,21475966976.0,
0.499,0.125,99.251,0.0,0.0,0.125,4349952.0,24576.0,3470087.0,55841.0,7664918528.0,44216320.0,10052653056.0,3269296128.0,0.0,0.0,196608.0,21475966976.0,
10.112,0.999,88.764,0.0,0.0,0.125,0.0,0.0,5907763.0,71328.0,7693910016.0,44216320.0,10051985408.0,3240972288.0,0.0,0.0,196608.0,21475966976.0,
5.882,0.375,93.742,0.0,0.0,0.0,4194304.0,147456.0,4736499.0,65355.0,7711576064.0,44224512.0,10052730880.0,3222552576.0,0.0,0.0,196608.0,21475966976.0,
0.375,0.125,99.376,0.0,0.0,0.125,0.0,0.0,6414253.0,83117.0,7711600640.0,44224512.0,10051543040.0,3223715840.0,0.0,0.0,196608.0,21475966976.0,
0.874,0.624,98.252,0.0,0.0,0.250,4243456.0,0.0,7140691.0,83613.0,7728357376.0,44228608.0,10052739072.0,3205758976.0,0.0,0.0,196608.0,21475966976.0,
0.749,0.125,99.001,0.0,0.0,0.125,0.0,81920.0,2717121.0,42893.0,7728525312.0,44236800.0,10051538944.0,3206782976.0,0.0,0.0,196608.0,21475966976.0,
0.250,0.250,99.500,0.0,0.0,0.0,4194304.0,0.0,6531697.0,74689.0,7728254976.0,44236800.0,10052763648.0,3205828608.0,0.0,0.0,196608.0,21475966976.0,
0.750,0.250,98.875,0.0,0.0,0.125,0.0,131072.0,4184421.0,50259.0,7728361472.0,44244992.0,10051563520.0,3206914048.0,0.0,0.0,196608.0,21475966976.0,
0.750,0.250,99.0,0.0,0.0,0.0,4202496.0,0.0,4916959.0,70333.0,7728177152.0,44249088.0,10052792320.0,3205865472.0,0.0,0.0,196608.0,21475966976.0,
0.374,0.125,99.377,0.0,0.0,0.125,0.0,0.0,3000171.0,35863.0,7728107520.0,44249088.0,10051719168.0,3207008256.0,0.0,0.0,196608.0,21475966976.0,
0.625,0.375,99.0,0.0,0.0,0.0,4194304.0,0.0,3967073.0,52007.0,7728283648.0,44249088.0,10052800512.0,3205750784.0,0.0,0.0,196608.0,21475966976.0,
0.624,0.375,98.876,0.0,0.0,0.125,0.0,204800.0,2183889.0,43420.0,7728279552.0,44257280.0,10051616768.0,3206930432.0,0.0,0.0,196608.0,21475966976.0,
0.375,0.125,99.499,0.0,0.0,0.0,0.0,253952.0,4220883.0,56114.0,7728304128.0,44265472.0,10050850816.0,3207663616.0,0.0,0.0,196608.0,21475966976.0,
0.748,0.499,98.628,0.0,0.0,0.125,0.0,0.0,4007561.0,60267.0,7729303552.0,44265472.0,10049658880.0,3207856128.0,0.0,0.0,196608.0,21475966976.0,
0.749,0.375,97.878,0.874,0.0,0.125,8429568.0,0.0,5189665.0,66504.0,7729250304.0,44269568.0,10052767744.0,3204796416.0,0.0,0.0,196608.0,21475966976.0,
0.250,0.125,99.501,0.0,0.0,0.125,65536.0,0.0,4600725.0,49114.0,7729098752.0,44269568.0,10051973120.0,3205742592.0,0.0,0.0,196608.0,21475966976.0,
0.750,0.250,98.875,0.0,0.125,0.0,4349952.0,0.0,7620303.0,83683.0,7729336320.0,44281856.0,10052923392.0,3204542464.0,0.0,0.0,196608.0,21475966976.0,
0.998,0.499,98.254,0.125,0.0,0.125,0.0,319488.0,4800491.0,55448.0,7728693248.0,44294144.0,10051776512.0,3206320128.0,0.0,0.0,196608.0,21475966976.0,
0.375,0.0,99.625,0.0,0.0,0.0,4194304.0,49152.0,5457573.0,65146.0,7728717824.0,44302336.0,10053001216.0,3205062656.0,0.0,0.0,196608.0,21475966976.0,
1.373,0.499,98.002,0.0,0.0,0.125,0.0,0.0,4323867.0,44737.0,7728979968.0,44302336.0,10051809280.0,3205992448.0,0.0,0.0,196608.0,21475966976.0,
0.875,0.250,98.750,0.0,0.0,0.125,4243456.0,0.0,6465421.0,85136.0,7728738304.0,44306432.0,10052997120.0,3205042176.0,0.0,0.0,196608.0,21475966976.0,
0.250,0.125,99.625,0.0,0.0,0.0,0.0,0.0,4305763.0,43018.0,7728898048.0,44306432.0,10051821568.0,3206057984.0,0.0,0.0,196608.0,21475966976.0,
0.623,0.374,98.878,0.0,0.0,0.125,4194304.0,73728.0,4830561.0,44449.0,7728574464.0,44314624.0,10053029888.0,3205165056.0,0.0,0.0,196608.0,21475966976.0,
0.625,0.375,99.0,0.0,0.0,0.0,0.0,0.0,6115130.0,112309.0,7728750592.0,44314624.0,10051837952.0,3206180864.0,0.0,0.0,196608.0,21475966976.0,
0.375,0.125,99.376,0.0,0.0,0.125,4202496.0,114688.0,3525800.0,38238.0,7728885760.0,44326912.0,10052673536.0,3205197824.0,0.0,0.0,196608.0,21475966976.0,
0.624,0.375,98.876,0.0,0.0,0.125,0.0,0.0,6690705.0,71254.0,7728656384.0,44326912.0,10051878912.0,3206221824.0,0.0,0.0,196608.0,21475966976.0,
1.248,0.375,98.127,0.0,0.0,0.250,4194304.0,0.0,1596993.0,31253.0,7727955968.0,44326912.0,10053079040.0,3205722112.0,0.0,0.0,196608.0,21475966976.0,
0.375,0.250,99.375,0.0,0.0,0.0,0.0,40960.0,9025197.0,95423.0,7728005120.0,44335104.0,10051878912.0,3206864896.0,0.0,0.0,196608.0,21475966976.0,
0.749,0.375,98.752,0.0,0.0,0.125,0.0,0.0,5123850.0,55202.0,7727599616.0,44335104.0,10051088384.0,3208060928.0,0.0,0.0,196608.0,21475966976.0,
0.749,0.499,98.627,0.0,0.0,0.125,0.0,0.0,7251227.0,74723.0,7727640576.0,44335104.0,10049904640.0,3209203712.0,0.0,0.0,196608.0,21475966976.0,
0.250,0.0,99.625,0.0,0.0,0.125,8429568.0,0.0,7059719.0,58827.0,7727685632.0,44339200.0,10052968448.0,3206090752.0,0.0,0.0,196608.0,21475966976.0,
0.748,0.374,98.753,0.0,0.0,0.125,65536.0,40960.0,5910241.0,61939.0,7727398912.0,44347392.0,10052173824.0,3207163904.0,0.0,0.0,196608.0,21475966976.0,
1.0,0.500,98.375,0.125,0.0,0.0,4349952.0,0.0,4670669.0,54431.0,7727943680.0,44359680.0,10053136384.0,3205644288.0,0.0,0.0,196608.0,21475966976.0,
0.499,0.125,99.127,0.0,0.125,0.125,0.0,81920.0,6190849.0,82679.0,7727984640.0,44367872.0,10052079616.0,3206651904.0,0.0,0.0,196608.0,21475966976.0,
0.749,0.375,98.752,0.0,0.0,0.125,0.0,0.0,6443284.0,77473.0,7744929792.0,44367872.0,10052276224.0,3189510144.0,0.0,0.0,196608.0,21475966976.0,
2.750,0.500,96.750,0.0,0.0,0.0,4194304.0,0.0,6206089.0,72061.0,7762395136.0,44367872.0,10052960256.0,3171360768.0,0.0,0.0,196608.0,21475966976.0,
0.250,0.125,99.500,0.0,0.0,0.125,0.0,32768.0,4645495.0,64777.0,7762276352.0,44376064.0,10052268032.0,3172163584.0,0.0,0.0,196608.0,21475966976.0,
1.125,0.250,98.625,0.0,0.0,0.0,4243456.0,122880.0,5133733.0,56573.0,7773421568.0,44388352.0,10052972544.0,3160301568.0,0.0,0.0,196608.0,21475966976.0,
16.459,0.499,82.918,0.0,0.0,0.125,0.0,0.0,3660029.0,93051.0,7778639872.0,44388352.0,10052308992.0,3155746816.0,0.0,0.0,196608.0,21475966976.0,
0.375,0.0,99.625,0.0,0.0,0.0,4194304.0,0.0,1765485.0,32659.0,7778861056.0,44388352.0,10052993024.0,3154841600.0,0.0,0.0,196608.0,21475966976.0,
0.499,0.250,99.126,0.0,0.0,0.125,0.0,0.0,1366981.0,20525.0,7778394112.0,44388352.0,10052308992.0,3155992576.0,0.0,0.0,196608.0,21475966976.0,
0.999,0.499,98.502,0.0,0.0,0.0,4202496.0,0.0,2712181.0,39171.0,7778848768.0,44392448.0,10052993024.0,3154849792.0,0.0,0.0,196608.0,21475966976.0,
11.765,0.0,88.235,0.0,0.0,0.0,0.0,237568.0,1278960.0,18463.0,7779266560.0,44408832.0,10052304896.0,3155103744.0,0.0,0.0,196608.0,21475966976.0,
0.375,0.250,99.251,0.0,0.0,0.125,4194304.0,0.0,2725654.0,32882.0,7779590144.0,44408832.0,10052993024.0,3154092032.0,0.0,0.0,196608.0,21475966976.0,
7.232,0.374,92.269,0.0,0.0,0.125,0.0,0.0,1448096.0,25967.0,7795965952.0,44408832.0,10052321280.0,3138387968.0,0.0,0.0,196608.0,21475966976.0,
0.250,0.125,99.625,0.0,0.0,0.0,0.0,0.0,1687564.0,29760.0,7796224000.0,44408832.0,10051031040.0,3139420160.0,0.0,0.0,196608.0,21475966976.0,
0.499,0.250,99.126,0.0,0.0,0.125,0.0,0.0,3421059.0,36807.0,7795810304.0,44408832.0,10050236416.0,3140628480.0,0.0,0.0,196608.0,21475966976.0,
0.998,0.499,97.506,0.748,0.125,0.125,8495104.0,376832.0,3577737.0,45488.0,7796744192.0,44429312.0,10053332992.0,3136577536.0,0.0,0.0,196608.0,21475966976.0,
0.125,0.125,99.750,0.0,0.0,0.0,0.0,0.0,2259298.0,29856.0,7797096448.0,44429312.0,10052161536.0,3137396736.0,0.0,0.0,196608.0,21475966976.0,
0.375,0.250,99.375,0.0,0.0,0.0,4349952.0,0.0,2321475.0,32295.0,7797608448.0,44441600.0,10053087232.0,3135946752.0,0.0,0.0,196608.0,21475966976.0,
2.868,0.374,96.633,0.0,0.0,0.125,0.0,0.0,1563068.0,25532.0,7813558272.0,44441600.0,10052485120.0,3120599040.0,0.0,0.0,196608.0,21475966976.0,
2.128,0.250,97.622,0.0,0.0,0.0,4194304.0,0.0,2743113.0,35542.0,7829127168.0,44441600.0,10053169152.0,3104346112.0,0.0,0.0,196608.0,21475966976.0,
0.499,0.249,99.002,0.125,0.0,0.125,0.0,368640.0,3002937.0,30863.0,7828525056.0,44457984.0,10052472832.0,3105628160.0,0.0,0.0,196608.0,21475966976.0,
2.247,0.499,97.253,0.0,0.0,0.0,4243456.0,0.0,4554983.0,55781.0,7846031360.0,44462080.0,10053173248.0,3087417344.0,0.0,0.0,196608.0,21475966976.0,
0.250,0.125,99.500,0.0,0.0,0.125,0.0,0.0,6293113.0,69303.0,7845507072.0,44462080.0,10052509696.0,3088605184.0,0.0,0.0,196608.0,21475966976.0,
0.624,0.375,98.752,0.0,0.0,0.250,4194304.0,0.0,8671899.0,125229.0,7863627776.0,44462080.0,10053193728.0,3069800448.0,0.0,0.0,196608.0,21475966976.0,
1.373,0.624,97.878,0.0,0.0,0.125,0.0,0.0,10300526.0,96238.0,7862996992.0,44462080.0,10052509696.0,3071115264.0,0.0,0.0,196608.0,21475966976.0,
0.750,0.125,99.0,0.0,0.0,0.125,4202496.0,81920.0,2411669.0,22668.0,7863566336.0,44474368.0,10053181440.0,3069861888.0,0.0,0.0,196608.0,21475966976.0,
0.875,0.250,98.875,0.0,0.0,0.0,0.0,0.0,4633667.0,45079.0,7863115776.0,44474368.0,10052509696.0,3070984192.0,0.0,0.0,196608.0,21475966976.0,
0.999,0.624,98.377,0.0,0.0,0.0,4194304.0,0.0,4218474.0,47608.0,7863181312.0,44474368.0,10053197824.0,3070230528.0,0.0,0.0,196608.0,21475966976.0,
0.250,0.125,99.501,0.0,0.0,0.125,0.0,0.0,2948241.0,27524.0,7862542336.0,44474368.0,10052513792.0,3071553536.0,0.0,0.0,196608.0,21475966976.0,
0.875,0.500,98.500,0.0,0.0,0.125,0.0,40960.0,2502971.0,27009.0,7862820864.0,44482560.0,10051219456.0,3072561152.0,0.0,0.0,196608.0,21475966976.0,
1.248,0.499,98.252,0.0,0.0,0.0,0.0,73728.0,3219901.0,41836.0,7862173696.0,44490752.0,10050420736.0,3073998848.0,0.0,0.0,196608.0,21475966976.0,
0.125,0.125,99.374,0.375,0.0,0.0,8495104.0,0.0,3274225.0,45230.0,7862353920.0,44494848.0,10053533696.0,3070701568.0,0.0,0.0,196608.0,21475966976.0,
0.375,0.250,99.251,0.0,0.0,0.125,0.0,0.0,1611943.0,27123.0,7862513664.0,44494848.0,10052354048.0,3071721472.0,0.0,0.0,196608.0,21475966976.0,
0.872,0.498,98.381,0.125,0.0,0.125,4349952.0,0.0,3418101.0,38272.0,7862636544.0,44507136.0,10053533696.0,3070406656.0,0.0,0.0,196608.0,21475966976.0,
0.375,0.0,99.625,0.0,0.0,0.0,0.0,24576.0,2669519.0,34714.0,7862226944.0,44515328.0,10052415488.0,3071926272.0,0.0,0.0,196608.0,21475966976.0,
0.375,0.250,99.375,0.0,0.0,0.0,4194304.0,49152.0,2163689.0,26803.0,7862165504.0,44523520.0,10053603328.0,3070791680.0,0.0,0.0,196608.0,21475966976.0,
1.248,0.499,98.127,0.0,0.0,0.125,0.0,0.0,3034119.0,81622.0,7861903360.0,44523520.0,10052419584.0,3072237568.0,0.0,0.0,196608.0,21475966976.0,
0.375,0.0,99.625,0.0,0.0,0.0,4243456.0,0.0,3261237.0,36026.0,7861972992.0,44527616.0,10053607424.0,3070976000.0,0.0,0.0,196608.0,21475966976.0,
0.499,0.249,99.127,0.0,0.0,0.125,0.0,0.0,2700567.0,26671.0,7861968896.0,44527616.0,10052444160.0,3072143360.0,0.0,0.0,196608.0,21475966976.0,
3.0,0.375,96.625,0.0,0.0,0.0,4194304.0,0.0,3370755.0,43984.0,7862239232.0,44527616.0,10053255168.0,3071062016.0,0.0,0.0,196608.0,21475966976.0,
0.249,0.125,99.501,0.0,0.0,0.125,0.0,114688.0,3135673.0,45774.0,7861731328.0,44535808.0,10052460544.0,3072356352.0,0.0,0.0,196608.0,21475966976.0,
0.125,0.125,99.625,0.0,0.125,0.0,4202496.0,139264.0,4409291.0,49248.0,7861673984.0,44548096.0,10053640192.0,3071221760.0,0.0,0.0,196608.0,21475966976.0,
1.375,0.500,98.125,0.0,0.0,0.0,0.0,0.0,3669323.0,43726.0,7860936704.0,44548096.0,10052468736.0,3073130496.0,0.0,0.0,196608.0,21475966976.0,
0.250,0.125,99.501,0.0,0.0,0.125,4194304.0,0.0,2498177.0,25678.0,7860752384.0,44548096.0,10053660672.0,3072122880.0,0.0,0.0,196608.0,21475966976.0,
1.498,0.250,98.252,0.0,0.0,0.0,0.0,0.0,3827919.0,43743.0,7877066752.0,44548096.0,10052468736.0,3057000448.0,0.0,0.0,196608.0,21475966976.0,
0.874,0.499,98.502,0.0,0.0,0.125,0.0,122880.0,3155679.0,32888.0,7877087232.0,44556288.0,10051665920.0,3057774592.0,0.0,0.0,196608.0,21475966976.0,
0.250,0.0,99.750,0.0,0.0,0.0,0.0,122880.0,4734593.0,51164.0,7877324800.0,44564480.0,10050367488.0,3058827264.0,0.0,0.0,196608.0,21475966976.0,
0.249,0.249,98.878,0.499,0.0,0.125,8495104.0,0.0,3060965.0,26281.0,7877357568.0,44568576.0,10053545984.0,3055611904.0,0.0,0.0,196608.0,21475966976.0,
1.124,0.499,98.252,0.0,0.0,0.125,0.0,0.0,2533655.0,34436.0,7876935680.0,44568576.0,10052521984.0,3057057792.0,0.0,0.0,196608.0,21475966976.0,
0.250,0.250,99.375,0.0,0.0,0.125,4349952.0,0.0,5263813.0,57744.0,7877058560.0,44580864.0,10053718016.0,3055726592.0,0.0,0.0,196608.0,21475966976.0,
0.125,0.250,99.501,0.125,0.0,0.0,0.0,221184.0,2662345.0,28349.0,7877791744.0,44580864.0,10052603904.0,3056107520.0,0.0,0.0,196608.0,21475966976.0,
1.0,0.625,98.250,0.0,0.0,0.125,4194304.0,319488.0,2612207.0,30228.0,7877656576.0,44597248.0,10053779456.0,3055050752.0,0.0,0.0,196608.0,21475966976.0,
0.375,0.125,99.376,0.0,0.0,0.125,0.0,0.0,6472301.0,69924.0,7877509120.0,44597248.0,10052603904.0,3056373760.0,0.0,0.0,196608.0,21475966976.0,
0.250,0.0,99.750,0.0,0.0,0.0,4243456.0,0.0,2310633.0,22049.0,7877570560.0,44601344.0,10053791744.0,3055120384.0,0.0,0.0,196608.0,21475966976.0,
4.494,0.749,94.632,0.0,0.0,0.125,0.0,0.0,5029767.0,57669.0,7909470208.0,44601344.0,10052624384.0,3024388096.0,0.0,0.0,196608.0,21475966976.0,
0.125,0.125,99.750,0.0,0.0,0.0,4194304.0,163840.0,1458139.0,25193.0,7909289984.0,44609536.0,10053812224.0,3023372288.0,0.0,0.0,196608.0,21475966976.0,
0.250,0.125,99.625,0.0,0.0,0.0,0.0,24576.0,2493223.0,26039.0,7909023744.0,44617728.0,10052661248.0,3024781312.0,0.0,0.0,196608.0,21475966976.0,
1.124,0.375,98.377,0.0,0.0,0.125,4202496.0,0.0,4019245.0,48243.0,7909236736.0,44621824.0,10053451776.0,3023773696.0,0.0,0.0,196608.0,21475966976.0,
0.250,0.125,99.625,0.0,0.0,0.0,0.0,0.0,2278837.0,30007.0,7908888576.0,44621824.0,10052665344.0,3024908288.0,0.0,0.0,196608.0,21475966976.0,
0.249,0.125,99.377,0.0,0.125,0.125,4194304.0,0.0,4403077.0,52983.0,7908839424.0,44621824.0,10053857280.0,3023765504.0,0.0,0.0,196608.0,21475966976.0,
1.126,0.501,98.373,0.0,0.0,0.0,0.0,73728.0,2352545.0,28567.0,7908544512.0,44630016.0,10052911104.0,3024998400.0,0.0,0.0,196608.0,21475966976.0,
0.249,0.125,99.502,0.0,0.0,0.125,0.0,0.0,4610171.0,57763.0,7908720640.0,44630016.0,10051719168.0,3026014208.0,0.0,0.0,196608.0,21475966976.0,
0.375,0.125,99.499,0.0,0.0,0.0,0.0,40960.0,2852251.0,27147.0,7908433920.0,44638208.0,10050813952.0,3027197952.0,0.0,0.0,196608.0,21475966976.0,
1.122,0.499,97.506,0.748,0.0,0.125,8429568.0,0.0,3711987.0,42771.0,7908671488.0,44642304.0,10053591040.0,3024179200.0,0.0,0.0,196608.0,21475966976.0,
0.250,0.250,99.501,0.0,0.0,0.0,65536.0,0.0,1763577.0,25513.0,7908130816.0,44642304.0,10052972544.0,3025338368.0,0.0,0.0,196608.0,21475966976.0,
0.626,0.0,99.374,0.0,0.0,0.0,4349952.0,0.0,3510347.0,38651.0,7908659200.0,44654592.0,10053754880.0,3024015360.0,0.0,0.0,196608.0,21475966976.0,
2.244,0.623,96.883,0.125,0.0,0.125,0.0,49152.0,1771951.0,52123.0,7908274176.0,44662784.0,10052976640.0,3025170432.0,0.0,0.0,196608.0,21475966976.0,
0.250,0.125,99.625,0.0,0.0,0.0,4194304.0,0.0,6736893.0,75735.0,7908728832.0,44662784.0,10053832704.0,3023859712.0,0.0,0.0,196608.0,21475966976.0,
1.247,0.499,98.005,0.0,0.0,0.249,0.0,0.0,20114611.0,244576.0,7907930112.0,44662784.0,10053042176.0,3025448960.0,0.0,0.0,196608.0,21475966976.0,
1.125,0.625,98.250,0.0,0.0,0.0,4243456.0,0.0,6396473.0,51255.0,7908278272.0,44666880.0,10053832704.0,3024306176.0,0.0,0.0,196608.0,21475966976.0,
0.250,0.0,99.625,0.0,0.0,0.125,0.0,81920.0,5013138.0,53872.0,7908003840.0,44683264.0,10053046272.0,3025350656.0,0.0,0.0,196608.0,21475966976.0,
0.250,0.250,99.501,0.0,0.0,0.0,4194304.0,0.0,3920375.0,38257.0,7908298752.0,44683264.0,10053840896.0,3024261120.0,0.0,0.0,196608.0,21475966976.0,
2.871,0.624,96.380,0.0,0.0,0.125,0.0,0.0,5639605.0,61851.0,7941910528.0,44683264.0,10053062656.0,2991427584.0,0.0,0.0,196608.0,21475966976.0,
0.250,0.125,99.625,0.0,0.0,0.0,4202496.0,0.0,3668609.0,39799.0,7942111232.0,44687360.0,10053857280.0,2990428160.0,0.0,0.0,196608.0,21475966976.0,
2.618,0.249,97.007,0.0,0.0,0.125,0.0,0.0,4337803.0,42839.0,7958134784.0,44687360.0,10052952064.0,2975309824.0,0.0,0.0,196608.0,21475966976.0,
3.375,0.625,95.875,0.0,0.0,0.125,4194304.0,147456.0,5019789.0,48803.0,7958687744.0,44703744.0,10053844992.0,2973847552.0,0.0,0.0,196608.0,21475966976.0,
0.375,0.125,99.376,0.0,0.0,0.125,0.0,0.0,7696064.0,86285.0,7958437888.0,44703744.0,10053066752.0,2974875648.0,0.0,0.0,196608.0,21475966976.0,
0.500,0.375,99.0,0.0,0.0,0.125,0.0,0.0,6835005.0,59021.0,7958609920.0,44703744.0,10051878912.0,2975891456.0,0.0,0.0,196608.0,21475966976.0,
1.748,0.375,97.878,0.0,0.0,0.0,0.0,0.0,7732267.0,73269.0,7958315008.0,44703744.0,10050977792.0,2977087488.0,0.0,0.0,196608.0,21475966976.0,
0.500,0.125,98.625,0.500,0.0,0.250,8429568.0,0.0,6052715.0,55167.0,7958827008.0,44707840.0,10053754880.0,2973794304.0,0.0,0.0,196608.0,21475966976.0,
0.498,0.249,99.128,0.0,0.0,0.125,65536.0,229376.0,8185089.0,75047.0,7958188032.0,44724224.0,10053111808.0,2975059968.0,0.0,0.0,196608.0,21475966976.0,
1.252,0.501,98.123,0.0,0.0,0.125,4349952.0,0.0,5786525.0,56357.0,7958253568.0,44736512.0,10053902336.0,2974191616.0,0.0,0.0,196608.0,21475966976.0,
0.250,0.250,99.375,0.0,0.0,0.125,0.0,0.0,5909375.0,54773.0,7975571456.0,44736512.0,10053083136.0,2957692928.0,0.0,0.0,196608.0,21475966976.0,
0.374,0.249,99.128,0.0,0.125,0.125,4194304.0,0.0,5820572.0,47891.0,7975628800.0,44736512.0,10054000640.0,2956718080.0,0.0,0.0,196608.0,21475966976.0,
4.619,0.874,94.382,0.0,0.0,0.125,0.0,0.0,5559847.0,54778.0,8026390528.0,44736512.0,10053206016.0,2906750976.0,0.0,0.0,196608.0,21475966976.0,
0.250,0.250,99.375,0.0,0.0,0.125,4243456.0,385024.0,7165931.0,71064.0,8027611136.0,44756992.0,10053980160.0,2904735744.0,0.0,0.0,196608.0,21475966976.0,
0.375,0.250,99.376,0.0,0.0,0.0,0.0,0.0,4598695.0,42209.0,8027189248.0,44756992.0,10053267456.0,2905870336.0,0.0,0.0,196608.0,21475966976.0,
1.502,0.501,97.872,0.0,0.0,0.125,4194304.0,0.0,6837957.0,59385.0,8027402240.0,44756992.0,10054062080.0,2904862720.0,0.0,0.0,196608.0,21475966976.0,
0.375,0.125,99.376,0.0,0.0,0.125,0.0,0.0,3680953.0,41295.0,8027037696.0,44756992.0,10053267456.0,2906021888.0,0.0,0.0,196608.0,21475966976.0,
1.0,0.500,98.500,0.0,0.0,0.0,4202496.0,0.0,5111773.0,43679.0,8027254784.0,44761088.0,10054062080.0,2905006080.0,0.0,0.0,196608.0,21475966976.0,
2.996,0.624,96.255,0.0,0.0,0.125,0.0,221184.0,6985485.0,65787.0,8042983424.0,44769280.0,10053148672.0,2890182656.0,0.0,0.0,196608.0,21475966976.0,
0.250,0.250,99.376,0.125,0.0,0.0,4194304.0,40960.0,4388487.0,40899.0,8043028480.0,44777472.0,10054049792.0,2889228288.0,0.0,0.0,196608.0,21475966976.0,
0.375,0.250,99.251,0.0,0.0,0.125,0.0,0.0,5382391.0,46211.0,8042754048.0,44777472.0,10053308416.0,2890244096.0,0.0,0.0,196608.0,21475966976.0,
1.124,0.624,98.252,0.0,0.0,0.0,0.0,0.0,6812331.0,61411.0,8059936768.0,44777472.0,10052116480.0,2874253312.0,0.0,0.0,196608.0,21475966976.0,
1.375,0.500,97.625,0.0,0.0,0.500,0.0,0.0,5953111.0,54681.0,8095703040.0,44777472.0,10051211264.0,2839392256.0,0.0,0.0,196608.0,21475966976.0,
1.873,0.749,95.630,1.248,0.0,0.499,8429568.0,114688.0,61926792.0,412793.0,8114032640.0,44797952.0,10053971968.0,2818281472.0,0.0,0.0,196608.0,21475966976.0,
2.250,0.625,97.0,0.0,0.0,0.125,65536.0,0.0,8294390.0,66641.0,8114511872.0,44797952.0,10053357568.0,2818416640.0,0.0,0.0,196608.0,21475966976.0,
18.875,0.375,80.500,0.0,0.0,0.250,4349952.0,0.0,6939719.0,55292.0,8115986432.0,44810240.0,10054144000.0,2816143360.0,0.0,0.0,196608.0,21475966976.0,
0.375,0.250,99.376,0.0,0.0,0.0,0.0,0.0,4152529.0,42735.0,8115662848.0,44810240.0,10053324800.0,2817286144.0,0.0,0.0,196608.0,21475966976.0,
2.618,0.623,96.633,0.0,0.0,0.125,4194304.0,0.0,5653057.0,57509.0,8133148672.0,44810240.0,10054258688.0,2798866432.0,0.0,0.0,196608.0,21475966976.0,
0.250,0.125,99.625,0.0,0.0,0.0,0.0,40960.0,3057923.0,37458.0,8132632576.0,44818432.0,10053455872.0,2800177152.0,0.0,0.0,196608.0,21475966976.0,
0.374,0.249,99.127,0.0,0.125,0.125,4243456.0,163840.0,2465249.0,49621.0,8150683648.0,44834816.0,10054234112.0,2781331456.0,0.0,0.0,196608.0,21475966976.0,
1.125,0.375,98.500,0.0,0.0,0.0,0.0,0.0,4844685.0,57387.0,8149991424.0,44834816.0,10053484544.0,2782773248.0,0.0,0.0,196608.0,21475966976.0,
0.374,0.249,99.252,0.0,0.0,0.125,4194304.0,0.0,4637247.0,44236.0,8150089728.0,44834816.0,10054279168.0,2781880320.0,0.0,0.0,196608.0,21475966976.0,
0.250,0.125,99.625,0.0,0.0,0.0,0.0,0.0,3457473.0,38301.0,8149766144.0,44834816.0,10053484544.0,2782998528.0,0.0,0.0,196608.0,21475966976.0,
0.875,0.500,98.500,0.125,0.0,0.0,4202496.0,0.0,3884257.0,41777.0,8149970944.0,44838912.0,10054275072.0,2781999104.0,0.0,0.0,196608.0,21475966976.0,
0.625,0.125,99.250,0.0,0.0,0.0,0.0,40960.0,4225865.0,73446.0,8149639168.0,44847104.0,10053455872.0,2783141888.0,0.0,0.0,196608.0,21475966976.0,
0.250,0.250,99.376,0.0,0.0,0.125,4194304.0,0.0,3915599.0,35533.0,8149856256.0,44847104.0,10054307840.0,2782072832.0,0.0,0.0,196608.0,21475966976.0,
1.124,0.499,98.252,0.0,0.0,0.125,0.0,0.0,4942093.0,51661.0,8149749760.0,44847104.0,10053517312.0,2782969856.0,0.0,0.0,196608.0,21475966976.0,
0.624,0.250,99.001,0.0,0.0,0.125,0.0,0.0,4470541.0,44918.0,8167174144.0,44847104.0,10052337664.0,2766725120.0,0.0,0.0,196608.0,21475966976.0,
0.375,0.250,99.251,0.0,0.0,0.125,0.0,122880.0,3649821.0,32857.0,8166883328.0,44855296.0,10051424256.0,2767921152.0,0.0,0.0,196608.0,21475966976.0,
1.125,0.375,98.250,0.250,0.0,0.0,8429568.0,0.0,4278007.0,80861.0,8167444480.0,44859392.0,10054209536.0,2764570624.0,0.0,0.0,196608.0,21475966976.0,
0.250,0.250,99.375,0.0,0.0,0.125,65536.0,163840.0,4874183.0,55149.0,8167002112.0,44867584.0,10053578752.0,2765635584.0,0.0,0.0,196608.0,21475966976.0,
0.250,0.125,99.501,0.0,0.0,0.125,4349952.0,0.0,4968075.0,45213.0,8167395328.0,44879872.0,10054361088.0,2764447744.0,0.0,0.0,196608.0,21475966976.0,
1.124,0.499,98.252,0.0,0.0,0.125,0.0,0.0,6518387.0,74206.0,8166834176.0,44879872.0,10053652480.0,2765717504.0,0.0,0.0,196608.0,21475966976.0,
0.624,0.375,98.876,0.0,0.0,0.125,4194304.0,155648.0,11703521.0,126938.0,8167047168.0,44888064.0,10054438912.0,2764709888.0,0.0,0.0,196608.0,21475966976.0,
0.375,0.125,99.251,0.0,0.125,0.125,0.0,0.0,7879041.0,80767.0,8166772736.0,44888064.0,10053648384.0,2765774848.0,0.0,0.0,196608.0,21475966976.0,
1.125,0.375,98.500,0.0,0.0,0.0,0.0,0.0,6907619.0,63544.0,8166768640.0,44888064.0,10053652480.0,2765774848.0,0.0,0.0,196608.0,21475966976.0,
0.750,0.250,98.875,0.0,0.0,0.125,4243456.0,0.0,6031011.0,66116.0,8166899712.0,44892160.0,10054471680.0,2764820480.0,0.0,0.0,196608.0,21475966976.0,
0.499,0.249,99.127,0.0,0.0,0.125,0.0,0.0,5775605.0,51087.0,8166645760.0,44892160.0,10053677056.0,2765869056.0,0.0,0.0,196608.0,21475966976.0,
0.750,0.500,98.750,0.0,0.0,0.0,4194304.0,327680.0,5446284.0,52974.0,8167407616.0,44908544.0,10054455296.0,2764312576.0,0.0,0.0,196608.0,21475966976.0,
0.499,0.125,99.251,0.0,0.0,0.125,0.0,0.0,6345397.0,63040.0,8167313408.0,44908544.0,10053660672.0,2765201408.0,0.0,0.0,196608.0,21475966976.0,
0.375,0.250,99.250,0.0,0.0,0.125,4202496.0,0.0,4403609.0,41269.0,8167424000.0,44912640.0,10054471680.0,2764275712.0,0.0,0.0,196608.0,21475966976.0,
1.124,0.624,98.127,0.0,0.0,0.125,0.0,0.0,4920729.0,51148.0,8167010304.0,44912640.0,10053677056.0,2765484032.0,0.0,0.0,196608.0,21475966976.0,
0.375,0.125,99.375,0.0,0.0,0.125,4194304.0,0.0,6834175.0,72164.0,8167116800.0,44912640.0,10054524928.0,2764529664.0,0.0,0.0,196608.0,21475966976.0,
0.499,0.249,99.127,0.125,0.0,0.0,0.0,352256.0,4032751.0,53317.0,8166760448.0,44929024.0,10053713920.0,2765680640.0,0.0,0.0,196608.0,21475966976.0,
0.875,0.375,98.625,0.0,0.0,0.125,0.0,0.0,4784463.0,33153.0,8166977536.0,44929024.0,10052427776.0,2766749696.0,0.0,0.0,196608.0,21475966976.0,
0.874,0.250,98.752,0.0,0.0,0.125,0.0,0.0,7860037.0,81244.0,8166756352.0,44929024.0,10051633152.0,2767765504.0,0.0,0.0,196608.0,21475966976.0,
0.250,0.250,99.0,0.500,0.0,0.0,8495104.0,0.0,6757955.0,64712.0,8166862848.0,44933120.0,10054545408.0,2764742656.0,0.0,0.0,196608.0,21475966976.0,
0.872,0.498,98.257,0.0,0.125,0.249,0.0,0.0,6462359.0,52957.0,8166887424.0,44933120.0,10053758976.0,2765504512.0,0.0,0.0,196608.0,21475966976.0,
0.875,0.375,98.500,0.250,0.0,0.0,4349952.0,81920.0,5470187.0,61692.0,8166563840.0,44953600.0,10054651904.0,2764914688.0,0.0,0.0,196608.0,21475966976.0,
7.241,0.250,92.385,0.0,0.0,0.125,0.0,40960.0,7061759.0,67076.0,8166342656.0,44961792.0,10053849088.0,2765930496.0,0.0,0.0,196608.0,21475966976.0,
3.125,0.500,96.250,0.0,0.0,0.125,4194304.0,0.0,7148845.0,72495.0,8182575104.0,44961792.0,10054660096.0,2748887040.0,0.0,0.0,196608.0,21475966976.0,
0.624,0.250,99.001,0.0,0.0,0.125,0.0,0.0,4822569.0,43312.0,8182976512.0,44961792.0,10053869568.0,2749276160.0,0.0,0.0,196608.0,21475966976.0,
0.375,0.250,99.251,0.0,0.0,0.125,4243456.0,0.0,6484567.0,70136.0,8183111680.0,44965888.0,10054684672.0,2748321792.0,0.0,0.0,196608.0,21475966976.0,
0.875,0.375,98.625,0.0,0.0,0.125,0.0,40960.0,7874968.0,75923.0,8200691712.0,44974080.0,10053881856.0,2731536384.0,0.0,0.0,196608.0,21475966976.0,
1.0,0.250,98.625,0.0,0.0,0.125,4194304.0,0.0,4131703.0,64904.0,8200626176.0,44974080.0,10054688768.0,2730795008.0,0.0,0.0,196608.0,21475966976.0,
5.868,1.498,92.385,0.0,0.0,0.250,0.0,32768.0,6559947.0,76548.0,8321396736.0,44982272.0,10053902336.0,2610802688.0,0.0,0.0,196608.0,21475966976.0,
0.874,0.375,98.627,0.0,0.0,0.125,4202496.0,0.0,6839376.0,44495.0,8322097152.0,44986368.0,10054787072.0,2609213440.0,0.0,0.0,196608.0,21475966976.0,
3.375,0.375,96.250,0.0,0.0,0.0,0.0,0.0,6616831.0,83048.0,8322027520.0,44986368.0,10053910528.0,2610159616.0,0.0,0.0,196608.0,21475966976.0,
0.375,0.250,99.251,0.0,0.0,0.125,4194304.0,73728.0,5876798.0,47538.0,8322007040.0,44994560.0,10054701056.0,2609381376.0,0.0,0.0,196608.0,21475966976.0,
0.749,0.250,98.752,0.0,0.0,0.250,0.0,0.0,5988709.0,110009.0,8322367488.0,44994560.0,10053705728.0,2610016256.0,0.0,0.0,196608.0,21475966976.0,
0.625,0.375,99.0,0.0,0.0,0.0,0.0,32768.0,8713001.0,98938.0,8322142208.0,45002752.0,10052603904.0,2611335168.0,0.0,0.0,196608.0,21475966976.0,
0.375,0.125,99.251,0.0,0.0,0.250,0.0,0.0,4711215.0,38748.0,8321794048.0,45002752.0,10051809280.0,2612477952.0,0.0,0.0,196608.0,21475966976.0,
1.250,0.625,97.125,0.750,0.0,0.250,8495104.0,0.0,9845009.0,133533.0,8339394560.0,45006848.0,10054762496.0,2591920128.0,0.0,0.0,196608.0,21475966976.0,
1.0,0.500,98.250,0.0,0.0,0.250,0.0,131072.0,11713997.0,146122.0,8355827712.0,45015040.0,10054057984.0,2576183296.0,0.0,0.0,196608.0,21475966976.0,
0.623,0.374,98.755,0.125,0.0,0.125,4349952.0,0.0,9639324.0,103570.0,8356175872.0,45027328.0,10054758400.0,2575122432.0,0.0,0.0,196608.0,21475966976.0,
6.250,1.0,92.500,0.0,0.125,0.125,0.0,0.0,9208742.0,87505.0,8419938304.0,45027328.0,10054082560.0,2512035840.0,0.0,0.0,196608.0,21475966976.0,
1.373,0.624,97.753,0.0,0.0,0.250,4194304.0,0.0,13737033.0,126736.0,8420208640.0,45027328.0,10054881280.0,2510966784.0,0.0,0.0,196608.0,21475966976.0,
0.624,0.250,99.126,0.0,0.0,0.0,0.0,0.0,8382987.0,63879.0,8419987456.0,45027328.0,10054086656.0,2511982592.0,0.0,0.0,196608.0,21475966976.0,
4.500,0.375,95.0,0.0,0.0,0.125,4243456.0,221184.0,3489207.0,34827.0,8420458496.0,45047808.0,10054926336.0,2510651392.0,0.0,0.0,196608.0,21475966976.0,
20.724,0.499,78.402,0.0,0.0,0.375,0.0,0.0,13420124.0,95847.0,8437071872.0,45047808.0,10054139904.0,2494824448.0,0.0,0.0,196608.0,21475966976.0,
0.375,0.125,99.499,0.0,0.0,0.0,4194304.0,0.0,5770079.0,61445.0,8437035008.0,45047808.0,10054946816.0,2494054400.0,0.0,0.0,196608.0,21475966976.0,
0.749,0.375,98.752,0.0,0.0,0.125,0.0,0.0,5361215.0,53377.0,8436932608.0,45047808.0,10054152192.0,2494951424.0,0.0,0.0,196608.0,21475966976.0,
0.873,0.374,98.504,0.0,0.0,0.249,4202496.0,0.0,6300975.0,76213.0,8437194752.0,45051904.0,10054885376.0,2493952000.0,0.0,0.0,196608.0,21475966976.0,
0.750,0.375,98.750,0.0,0.0,0.125,0.0,294912.0,9755748.0,90023.0,8437604352.0,45060096.0,10054197248.0,2494222336.0,0.0,0.0,196608.0,21475966976.0,
0.749,0.375,98.627,0.0,0.125,0.125,4194304.0,40960.0,8478331.0,99863.0,8437796864.0,45068288.0,10055000064.0,2493218816.0,0.0,0.0,196608.0,21475966976.0,
0.625,0.375,98.875,0.0,0.0,0.125,0.0,0.0,7831183.0,79077.0,8437575680.0,45068288.0,10054205440.0,2494234624.0,0.0,0.0,196608.0,21475966976.0,
0.499,0.250,99.126,0.0,0.0,0.125,0.0,0.0,5927288.0,37815.0,8438071296.0,45068288.0,10053156864.0,2494787584.0,0.0,0.0,196608.0,21475966976.0,
0.874,0.375,98.627,0.0,0.0,0.125,0.0,0.0,7244849.0,72143.0,8438214656.0,45068288.0,10051870720.0,2495930368.0,0.0,0.0,196608.0,21475966976.0,
1.126,0.375,97.872,0.501,0.0,0.125,8495104.0,327680.0,10709349.0,101669.0,8437321728.0,45088768.0,10055254016.0,2493419520.0,0.0,0.0,196608.0,21475966976.0,
0.375,0.125,99.376,0.0,0.0,0.125,0.0,0.0,8516369.0,59967.0,8437297152.0,45088768.0,10054262784.0,2494435328.0,0.0,0.0,196608.0,21475966976.0,
5.868,0.999,93.009,0.0,0.0,0.125,4349952.0,0.0,6883069.0,57387.0,8500740096.0,45101056.0,10055106560.0,2430136320.0,0.0,0.0,196608.0,21475966976.0,
1.122,0.499,98.130,0.0,0.125,0.125,0.0,0.0,5532335.0,49343.0,8500293632.0,45101056.0,10054373376.0,2431315968.0,0.0,0.0,196608.0,21475966976.0,
0.500,0.125,99.250,0.0,0.0,0.125,4194304.0,0.0,9485301.0,79977.0,8500572160.0,45101056.0,10055168000.0,2430242816.0,0.0,0.0,196608.0,21475966976.0,
0.874,0.375,98.752,0.0,0.0,0.0,0.0,81920.0,7006967.0,66619.0,8500469760.0,45109248.0,10054365184.0,2431139840.0,0.0,0.0,196608.0,21475966976.0,
0.624,0.375,98.876,0.0,0.0,0.125,4243456.0,32768.0,6513581.0,55932.0,8500682752.0,45121536.0,10055184384.0,2430095360.0,0.0,0.0,196608.0,21475966976.0,
0.250,0.125,99.500,0.0,0.0,0.125,0.0,0.0,5674177.0,50530.0,8500199424.0,45121536.0,10054397952.0,2431365120.0,0.0,0.0,196608.0,21475966976.0,
1.248,0.499,98.252,0.0,0.0,0.0,4194304.0,0.0,7416297.0,60671.0,8500158464.0,45121536.0,10055196672.0,2430607360.0,0.0,0.0,196608.0,21475966976.0,
0.499,0.375,99.001,0.0,0.0,0.125,0.0,0.0,6519519.0,54754.0,8500047872.0,45121536.0,10054418432.0,2431496192.0,0.0,0.0,196608.0,21475966976.0,
0.250,0.125,99.499,0.0,0.0,0.125,4202496.0,0.0,5707771.0,48154.0,8500269056.0,45125632.0,10055213056.0,2430476288.0,0.0,0.0,196608.0,21475966976.0,
0.874,0.250,98.627,0.125,0.0,0.125,0.0,73728.0,4032955.0,35825.0,8499949568.0,45133824.0,10054410240.0,2431590400.0,0.0,0.0,196608.0,21475966976.0,
1.124,0.375,98.377,0.0,0.0,0.125,4194304.0,0.0,8355487.0,68158.0,8517980160.0,45133824.0,10055213056.0,2412756992.0,0.0,0.0,196608.0,21475966976.0,
0.499,0.250,99.126,0.0,0.0,0.125,0.0,106496.0,6686397.0,47482.0,8518004736.0,45142016.0,10054410240.0,2413527040.0,0.0,0.0,196608.0,21475966976.0,
0.625,0.375,98.875,0.0,0.0,0.125,0.0,0.0,6691792.0,47397.0,8517976064.0,45142016.0,10053115904.0,2414850048.0,0.0,0.0,196608.0,21475966976.0,
0.998,0.623,98.254,0.0,0.0,0.125,0.0,40960.0,5962302.0,45128.0,8535306240.0,45150208.0,10052313088.0,2398314496.0,0.0,0.0,196608.0,21475966976.0,
0.375,0.125,98.875,0.500,0.125,0.0,8429568.0,0.0,7776643.0,102740.0,8535527424.0,45154304.0,10055241728.0,2395160576.0,0.0,0.0,196608.0,21475966976.0,
0.875,0.250,98.750,0.0,0.0,0.125,65536.0,0.0,5446713.0,42393.0,8535367680.0,45154304.0,10054447104.0,2396114944.0,0.0,0.0,196608.0,21475966976.0,
0.749,0.375,98.752,0.0,0.0,0.125,4349952.0,32768.0,8965081.0,81782.0,8535420928.0,45174784.0,10055389184.0,2395099136.0,0.0,0.0,196608.0,21475966976.0,
0.250,0.125,99.501,0.0,0.0,0.125,0.0,0.0,6215219.0,45774.0,8535592960.0,45174784.0,10054201344.0,2396114944.0,0.0,0.0,196608.0,21475966976.0,
0.750,0.500,98.625,0.0,0.0,0.125,4194304.0,122880.0,4772588.0,30387.0,8551792640.0,45182976.0,10055467008.0,2378641408.0,0.0,0.0,196608.0,21475966976.0,
19.975,0.499,79.276,0.0,0.0,0.250,0.0,0.0,7374576.0,57238.0,8552349696.0,45182976.0,10054275072.0,2379276288.0,0.0,0.0,196608.0,21475966976.0,
0.499,0.250,99.126,0.0,0.0,0.125,4243456.0,0.0,5996086.0,56658.0,8552095744.0,45187072.0,10055471104.0,2378330112.0,0.0,0.0,196608.0,21475966976.0,
0.625,0.375,99.0,0.0,0.0,0.0,0.0,0.0,7905785.0,62069.0,8552144896.0,45187072.0,10054283264.0,2379468800.0,0.0,0.0,196608.0,21475966976.0,
0.874,0.499,98.502,0.0,0.0,0.125,4194304.0,0.0,7127505.0,61678.0,8552169472.0,45187072.0,10055102464.0,2378625024.0,0.0,0.0,196608.0,21475966976.0,
0.375,0.125,99.376,0.0,0.0,0.125,0.0,204800.0,8459701.0,72286.0,8551940096.0,45203456.0,10054291456.0,2379649024.0,0.0,0.0,196608.0,21475966976.0,
0.750,0.375,98.875,0.0,0.0,0.0,4202496.0,0.0,4952198.0,25237.0,8551866368.0,45207552.0,10055495680.0,2378514432.0,0.0,0.0,196608.0,21475966976.0,
1.247,0.499,97.880,0.0,0.125,0.249,0.0,0.0,7131603.0,52406.0,8551280640.0,45207552.0,10054303744.0,2380292096.0,0.0,0.0,196608.0,21475966976.0,
0.375,0.125,99.375,0.0,0.0,0.125,4194304.0,0.0,11134207.0,104290.0,8551059456.0,45207552.0,10055503872.0,2379313152.0,0.0,0.0,196608.0,21475966976.0,
0.624,0.499,98.752,0.0,0.0,0.125,0.0,0.0,6089559.0,44755.0,8551235584.0,45207552.0,10054311936.0,2380328960.0,0.0,0.0,196608.0,21475966976.0,
1.250,0.625,98.0,0.0,0.0,0.125,0.0,352256.0,7635377.0,57974.0,8569368576.0,45223936.0,10053500928.0,2362990592.0,0.0,0.0,196608.0,21475966976.0,
0.375,0.125,99.501,0.0,0.0,0.0,0.0,0.0,9020107.0,76252.0,8569516032.0,45223936.0,10052308992.0,2364035072.0,0.0,0.0,196608.0,21475966976.0,
1.248,0.375,97.878,0.375,0.0,0.125,8470528.0,0.0,4272367.0,29927.0,8569774080.0,45228032.0,10055389184.0,2360692736.0,0.0,0.0,196608.0,21475966976.0,
0.750,0.250,98.750,0.0,0.0,0.250,24576.0,0.0,7049639.0,63200.0,8569544704.0,45228032.0,10054594560.0,2361716736.0,0.0,0.0,196608.0,21475966976.0,
0.499,0.375,99.001,0.0,0.0,0.125,4349952.0,0.0,7354131.0,78026.0,8569749504.0,45240320.0,10055540736.0,2360553472.0,0.0,0.0,196608.0,21475966976.0,
0.749,0.375,98.502,0.125,0.0,0.250,0.0,344064.0,9682235.0,78873.0,8569540608.0,45256704.0,10054336512.0,2361950208.0,0.0,0.0,196608.0,21475966976.0,
0.625,0.375,99.0,0.0,0.0,0.0,4194304.0,0.0,7909705.0,80292.0,8569282560.0,45256704.0,10055622656.0,2360922112.0,0.0,0.0,196608.0,21475966976.0,
0.623,0.249,98.878,0.0,0.0,0.249,0.0,0.0,6306089.0,53736.0,8569458688.0,45256704.0,10054430720.0,2361937920.0,0.0,0.0,196608.0,21475966976.0,
6.750,1.125,91.875,0.0,0.0,0.250,4243456.0,0.0,10580507.0,90963.0,8616660992.0,45260800.0,10055618560.0,2313543680.0,0.0,0.0,196608.0,21475966976.0,
1.750,0.750,97.125,0.0,0.0,0.375,0.0,0.0,17440905.0,139034.0,8633888768.0,45260800.0,10054545408.0,2297389056.0,0.0,0.0,196608.0,21475966976.0,
0.499,0.375,98.876,0.0,0.0,0.250,4194304.0,73728.0,18461541.0,150990.0,8633761792.0,45268992.0,10055639040.0,2296414208.0,0.0,0.0,196608.0,21475966976.0,
1.498,0.624,97.628,0.0,0.125,0.125,0.0,0.0,14602293.0,113555.0,8651456512.0,45268992.0,10054451200.0,2279907328.0,0.0,0.0,196608.0,21475966976.0,
4.869,0.624,94.132,0.0,0.0,0.375,4202496.0,0.0,17341688.0,154064.0,8651501568.0,45273088.0,10055663616.0,2278645760.0,0.0,0.0,196608.0,21475966976.0,
0.999,0.624,97.878,0.0,0.125,0.375,0.0,40960.0,21968480.0,210834.0,8667865088.0,45281280.0,10054467584.0,2263470080.0,0.0,0.0,196608.0,21475966976.0,
1.250,0.625,98.0,0.0,0.0,0.125,4194304.0,0.0,21336602.0,232547.0,8685395968.0,45281280.0,10055704576.0,2244702208.0,0.0,0.0,196608.0,21475966976.0,
3.500,0.875,95.250,0.0,0.0,0.375,0.0,40960.0,20577975.0,187676.0,8734457856.0,45289472.0,10054504448.0,2196832256.0,0.0,0.0,196608.0,21475966976.0,
0.999,0.375,98.252,0.0,0.0,0.375,0.0,0.0,18989337.0,233314.0,8734117888.0,45289472.0,10053718016.0,2197958656.0,0.0,0.0,196608.0,21475966976.0,
1.498,0.749,97.253,0.0,0.125,0.375,0.0,0.0,19495675.0,183825.0,8751181824.0,45289472.0,10052526080.0,2182086656.0,0.0,0.0,196608.0,21475966976.0,
7.500,1.0,90.625,0.500,0.0,0.375,8495104.0,0.0,22994693.0,245652.0,8753168384.0,45293568.0,10055593984.0,2177028096.0,0.0,0.0,196608.0,21475966976.0,
0.874,0.375,98.502,0.0,0.0,0.250,0.0,0.0,20923412.0,197254.0,8752816128.0,45293568.0,10054803456.0,2178170880.0,0.0,0.0,196608.0,21475966976.0,
1.125,0.875,97.375,0.125,0.0,0.500,4349952.0,49152.0,19698795.0,182801.0,8771067904.0,45314048.0,10055376896.0,2159325184.0,0.0,0.0,196608.0,21475966976.0,
3.367,0.748,95.761,0.0,0.0,0.125,0.0,0.0,19663363.0,230520.0,8805130240.0,45314048.0,10054582272.0,2126057472.0,0.0,0.0,196608.0,21475966976.0,
0.500,0.250,99.125,0.0,0.0,0.125,4194304.0,32768.0,8068344.0,56193.0,8821817344.0,45322240.0,10055856128.0,2108088320.0,0.0,0.0,196608.0,21475966976.0,
10.861,0.624,88.265,0.0,0.0,0.250,0.0,0.0,11769095.0,86073.0,8837726208.0,45322240.0,10054668288.0,2093367296.0,0.0,0.0,196608.0,21475966976.0,
1.250,0.375,98.250,0.0,0.0,0.125,4243456.0,0.0,9964643.0,93452.0,8837292032.0,45326336.0,10056060928.0,2092404736.0,0.0,0.0,196608.0,21475966976.0,
0.375,0.250,99.251,0.0,0.0,0.125,0.0,114688.0,8982881.0,55084.0,8837398528.0,45334528.0,10054774784.0,2093576192.0,0.0,0.0,196608.0,21475966976.0,
0.750,0.375,98.750,0.0,0.0,0.125,4194304.0,0.0,10244315.0,79097.0,8837808128.0,45334528.0,10055487488.0,2092453888.0,0.0,0.0,196608.0,21475966976.0,
1.122,0.499,98.130,0.0,0.0,0.249,0.0,0.0,12688607.0,129514.0,8836870144.0,45334528.0,10054893568.0,2093985792.0,0.0,0.0,196608.0,21475966976.0,
0.625,0.250,98.875,0.0,0.125,0.125,4202496.0,81920.0,6587047.0,48652.0,8837259264.0,45346816.0,10055380992.0,2093096960.0,0.0,0.0,196608.0,21475966976.0,
0.623,0.374,98.878,0.0,0.0,0.125,0.0,0.0,12593234.0,106547.0,8836968448.0,45346816.0,10054602752.0,2094166016.0,0.0,0.0,196608.0,21475966976.0,
1.500,0.500,97.875,0.0,0.0,0.125,4194304.0,139264.0,6653231.0,47474.0,8837066752.0,45355008.0,10055897088.0,2092765184.0,0.0,0.0,196608.0,21475966976.0,
0.625,0.250,98.875,0.0,0.0,0.250,0.0,0.0,8853447.0,70062.0,8837144576.0,45355008.0,10054803456.0,2093780992.0,0.0,0.0,196608.0,21475966976.0,
3.250,0.625,95.875,0.0,0.0,0.250,0.0,0.0,11693741.0,125553.0,8854347776.0,45355008.0,10053918720.0,2077462528.0,0.0,0.0,196608.0,21475966976.0,
1.248,0.499,98.002,0.0,0.0,0.250,0.0,237568.0,12277293.0,110836.0,8853827584.0,45367296.0,10052718592.0,2079170560.0,0.0,0.0,196608.0,21475966976.0,
1.248,0.749,96.754,0.749,0.0,0.499,8495104.0,0.0,16385736.0,108236.0,8870998016.0,45371392.0,10055782400.0,2058932224.0,0.0,0.0,196608.0,21475966976.0,
1.248,0.749,97.753,0.0,0.0,0.250,0.0,303104.0,24699054.0,229665.0,8888786944.0,45379584.0,10054991872.0,2041925632.0,0.0,0.0,196608.0,21475966976.0,
1.375,0.875,97.125,0.0,0.125,0.500,4349952.0,0.0,18718915.0,163095.0,8906719232.0,45391872.0,10055950336.0,2023022592.0,0.0,0.0,196608.0,21475966976.0,
0.873,0.623,98.254,0.0,0.0,0.249,0.0,0.0,22643513.0,229104.0,8906514432.0,45391872.0,10055086080.0,2024091648.0,0.0,0.0,196608.0,21475966976.0,
0.876,0.501,98.373,0.0,0.0,0.250,4194304.0,0.0,15490777.0,135227.0,8924364800.0,45391872.0,10055892992.0,2005434368.0,0.0,0.0,196608.0,21475966976.0,
32.840,1.235,65.185,0.0,0.0,0.741,0.0,0.0,21737294.0,197677.0,8928456704.0,45391872.0,10055000064.0,2002235392.0,0.0,0.0,196608.0,21475966976.0,
7.990,1.373,89.888,0.0,0.0,0.749,4243456.0,1335296.0,28757459.0,327033.0,8944226304.0,45428736.0,10055876608.0,1985552384.0,0.0,0.0,196608.0,21475966976.0,
1.625,0.875,96.875,0.0,0.0,0.625,0.0,0.0,22558289.0,226947.0,8961126400.0,45428736.0,10055069696.0,1969459200.0,0.0,0.0,196608.0,21475966976.0,
21.099,1.248,76.654,0.0,0.125,0.874,4194304.0,0.0,42346832.0,456288.0,8979226624.0,45428736.0,10055933952.0,1950494720.0,0.0,0.0,196608.0,21475966976.0,
10.848,4.863,83.416,0.0,0.0,0.873,0.0,0.0,36723021.0,320874.0,9184690176.0,45428736.0,10055028736.0,1745936384.0,0.0,0.0,196608.0,21475966976.0,
1.750,0.750,96.875,0.0,0.0,0.625,4202496.0,0.0,41117121.0,385761.0,9201487872.0,45432832.0,10055933952.0,1728229376.0,0.0,0.0,196608.0,21475966976.0,
1.750,0.875,96.875,0.0,0.0,0.500,0.0,294912.0,29557446.0,210492.0,9201369088.0,45449216.0,10055020544.0,1729245184.0,0.0,0.0,196608.0,21475966976.0,
5.368,0.999,93.134,0.0,0.125,0.375,4194304.0,0.0,29184079.0,251270.0,9251799040.0,45449216.0,10055946240.0,1677889536.0,0.0,0.0,196608.0,21475966976.0,
1.625,1.0,96.625,0.0,0.0,0.750,0.0,0.0,31044122.0,258534.0,9251672064.0,45449216.0,10055041024.0,1678921728.0,0.0,0.0,196608.0,21475966976.0,
2.244,1.122,95.761,0.0,0.125,0.748,0.0,0.0,37092181.0,340060.0,9251573760.0,45449216.0,10053963776.0,1680097280.0,0.0,0.0,196608.0,21475966976.0,
1.752,1.001,96.621,0.0,0.0,0.626,0.0,0.0,32036486.0,270074.0,9251323904.0,45449216.0,10053066752.0,1681244160.0,0.0,0.0,196608.0,21475966976.0,
5.493,1.498,91.635,0.624,0.0,0.749,6332416.0,65536.0,41791755.0,470939.0,9253072896.0,45498368.0,10076856320.0,1655656448.0,0.0,0.0,196608.0,21475966976.0,
12.609,3.121,83.770,0.0,0.0,0.499,2162688.0,0.0,32807720.0,325458.0,9324589056.0,45563904.0,10143612928.0,1517318144.0,0.0,0.0,196608.0,21475966976.0,
11.955,2.366,84.932,0.125,0.125,0.498,4349952.0,0.0,29189697.0,244676.0,9328799744.0,45641728.0,10212614144.0,1444028416.0,0.0,0.0,196608.0,21475966976.0,
12.375,2.875,84.125,0.0,0.0,0.625,0.0,0.0,31385013.0,328833.0,9332350976.0,45707264.0,10279301120.0,1373724672.0,0.0,0.0,196608.0,21475966976.0,
14.768,2.628,81.977,0.125,0.0,0.501,4202496.0,0.0,42660806.0,403964.0,9368817664.0,45772800.0,10342932480.0,1273561088.0,0.0,0.0,196608.0,21475966976.0,
18.477,3.745,73.283,3.745,0.125,0.624,0.0,94543872.0,29365395.0,264614.0,9377796096.0,45887488.0,10444562432.0,1162838016.0,0.0,0.0,196608.0,21475966976.0,
6.242,2.747,58.677,31.211,0.0,1.124,4243456.0,250609664.0,35999006.0,410245.0,9440886784.0,45912064.0,10461118464.0,1083166720.0,0.0,0.0,196608.0,21475966976.0,
15.106,3.620,62.172,18.102,0.125,0.874,8192.0,254803968.0,45954189.0,551170.0,9461501952.0,45989888.0,10537783296.0,985808896.0,0.0,0.0,196608.0,21475966976.0,
21.0,5.500,67.875,4.875,0.0,0.750,4202496.0,95789056.0,32186540.0,301162.0,9475141632.0,46125056.0,10666811392.0,843005952.0,0.0,0.0,196608.0,21475966976.0,
22.472,4.869,58.052,13.983,0.125,0.499,8192.0,475136.0,31836283.0,333271.0,9500086272.0,46256128.0,10798551040.0,686190592.0,0.0,0.0,196608.0,21475966976.0,
21.750,4.875,55.625,17.250,0.0,0.500,4210688.0,103538688.0,31728787.0,355984.0,9578696704.0,46379008.0,10906914816.0,499093504.0,0.0,0.0,196608.0,21475966976.0,
12.859,3.246,67.041,16.105,0.0,0.749,0.0,257458176.0,23871414.0,195654.0,9582059520.0,46452736.0,10977841152.0,424730624.0,0.0,0.0,196608.0,21475966976.0,
7.740,5.119,54.307,31.461,0.125,1.248,4194304.0,234307584.0,29794056.0,299609.0,9809833984.0,46452736.0,10978840576.0,195956736.0,0.0,0.0,196608.0,21475966976.0,
32.959,5.243,41.823,18.727,0.0,1.248,8192.0,270761984.0,36631428.0,313152.0,9832779776.0,46563328.0,11092656128.0,59084800.0,0.0,0.0,196608.0,21475966976.0,
13.879,4.833,61.462,19.083,0.0,0.743,16384.0,100343808.0,31544976.0,309794.0,9898532864.0,46100480.0,11040088064.0,46362624.0,0.0,0.0,196608.0,21475966976.0,
12.375,3.250,68.375,15.0,0.125,0.875,0.0,102457344.0,32038622.0,392491.0,9907572736.0,46178304.0,11027787776.0,49545216.0,0.0,0.0,196608.0,21475966976.0,
4.744,1.748,72.409,20.350,0.0,0.749,8429568.0,258834432.0,31254875.0,354012.0,9926930432.0,46202880.0,11012792320.0,45158400.0,0.0,0.0,196608.0,21475966976.0,
5.875,2.0,71.875,19.375,0.0,0.875,73728.0,237002752.0,22423782.0,244823.0,9921601536.0,46235648.0,11016122368.0,47124480.0,0.0,0.0,196608.0,21475966976.0,
11.500,3.375,73.625,11.250,0.0,0.250,4349952.0,24739840.0,20396414.0,224994.0,9920282624.0,46305280.0,11018756096.0,45740032.0,0.0,0.0,196608.0,21475966976.0,
12.469,3.367,73.067,10.474,0.125,0.499,8192.0,802816.0,20149163.0,239242.0,9943527424.0,46362624.0,10994806784.0,46387200.0,0.0,0.0,196608.0,21475966976.0,
11.750,3.250,63.500,20.875,0.0,0.625,4194304.0,108666880.0,28461987.0,369791.0,9949827072.0,46432256.0,10988347392.0,46477312.0,0.0,0.0,196608.0,21475966976.0,
6.117,2.372,75.905,14.732,0.0,0.874,0.0,258088960.0,27240674.0,320168.0,9945858048.0,46465024.0,10989121536.0,49639424.0,0.0,0.0,196608.0,21475966976.0,
5.985,1.496,83.791,8.229,0.125,0.374,4243456.0,127614976.0,30314887.0,391363.0,9987522560.0,46477312.0,10951712768.0,45371392.0,0.0,0.0,196608.0,21475966976.0,
1.625,0.750,97.0,0.0,0.0,0.625,0.0,0.0,26347235.0,201446.0,9988083712.0,46477312.0,10950729728.0,45793280.0,0.0,0.0,196608.0,21475966976.0,
2.128,1.001,96.120,0.0,0.0,0.751,4194304.0,0.0,36316947.0,362016.0,10003894272.0,46477312.0,10932584448.0,48128000.0,0.0,0.0,196608.0,21475966976.0,
3.741,1.372,90.274,3.741,0.125,0.748,0.0,108568576.0,43877996.0,394611.0,10020593664.0,46493696.0,10916970496.0,47026176.0,0.0,0.0,196608.0,21475966976.0,
1.0,0.375,98.250,0.0,0.0,0.375,4202496.0,237568.0,34506492.0,281660.0,10020700160.0,46497792.0,10917662720.0,46223360.0,0.0,0.0,196608.0,21475966976.0,
1.125,0.500,98.125,0.0,0.0,0.250,0.0,0.0,18848181.0,168436.0,10021056512.0,46497792.0,10916663296.0,46866432.0,0.0,0.0,196608.0,21475966976.0,
5.993,2.122,87.141,4.370,0.0,0.375,4202496.0,8839168.0,20852230.0,156216.0,10037788672.0,44818432.0,10897375232.0,51101696.0,0.0,0.0,196608.0,21475966976.0,
11.985,2.996,77.778,6.492,0.125,0.624,0.0,43827200.0,19577903.0,224654.0,10059173888.0,43622400.0,10883170304.0,45117440.0,0.0,0.0,196608.0,21475966976.0,
15.875,4.0,70.250,9.375,0.0,0.500,8192.0,83574784.0,26482612.0,282052.0,10124861440.0,43696128.0,10812866560.0,49659904.0,0.0,0.0,196608.0,21475966976.0,
19.875,5.500,64.0,9.875,0.0,0.750,0.0,138371072.0,35176853.0,307913.0,10279235584.0,43757568.0,10660913152.0,47177728.0,0.0,0.0,196608.0,21475966976.0,
11.985,2.747,73.034,11.735,0.0,0.499,8437760.0,458752.0,25170253.0,216146.0,10299953152.0,43827200.0,10638766080.0,48537600.0,0.0,0.0,196608.0,21475966976.0,
11.111,2.622,74.906,10.986,0.125,0.250,65536.0,557056.0,22400865.0,167726.0,10303803392.0,43888640.0,10633924608.0,49467392.0,0.0,0.0,196608.0,21475966976.0,
11.375,2.875,76.875,8.750,0.0,0.125,4358144.0,2998272.0,16362593.0,148882.0,10340921344.0,43958272.0,10596343808.0,49860608.0,0.0,0.0,196608.0,21475966976.0,
11.457,2.864,68.369,16.812,0.125,0.374,0.0,72720384.0,13049559.0,119074.0,10344800256.0,44027904.0,10591395840.0,50860032.0,0.0,0.0,196608.0,21475966976.0,
9.387,2.253,74.343,13.642,0.0,0.375,4194304.0,256851968.0,9112881.0,101810.0,10343301120.0,44077056.0,10594811904.0,48893952.0,0.0,0.0,196608.0,21475966976.0,
1.122,0.873,73.815,23.691,0.0,0.499,0.0,258220032.0,6912225.0,60798.0,10339381248.0,44077056.0,10593673216.0,53952512.0,0.0,0.0,196608.0,21475966976.0,
10.0,3.0,72.625,14.250,0.0,0.125,4251648.0,46768128.0,9031158.0,85590.0,10334961664.0,44130304.0,10601762816.0,50229248.0,0.0,0.0,196608.0,21475966976.0,
11.236,2.622,75.780,10.112,0.0,0.250,0.0,499712.0,11832820.0,99238.0,10338930688.0,44195840.0,10598727680.0,49229824.0,0.0,0.0,196608.0,21475966976.0,
29.375,6.625,53.875,9.500,0.125,0.500,4202496.0,95109120.0,14729638.0,113886.0,10361659392.0,44265472.0,10574036992.0,51122176.0,0.0,0.0,196608.0,21475966976.0,
6.617,2.122,58.801,31.960,0.0,0.499,0.0,247652352.0,22902849.0,230971.0,9752920064.0,44290048.0,10591551488.0,642322432.0,0.0,0.0,196608.0,21475966976.0,
7.375,2.250,63.625,26.125,0.0,0.625,4218880.0,227688448.0,17368163.0,137226.0,9745915904.0,44347392.0,10630934528.0,609886208.0,0.0,0.0,196608.0,21475966976.0,
21.598,4.994,63.795,9.363,0.0,0.250,16384.0,35373056.0,16519697.0,142860.0,9752567808.0,44478464.0,10755330048.0,478707712.0,0.0,0.0,196608.0,21475966976.0,
21.348,5.119,66.417,6.866,0.0,0.250,4202496.0,46030848.0,12344712.0,109789.0,9759715328.0,44605440.0,10883772416.0,342990848.0,0.0,0.0,196608.0,21475966976.0,
23.596,5.493,60.300,10.112,0.125,0.375,8192.0,109608960.0,10001197.0,79444.0,9846947840.0,44736512.0,11002339328.0,137060352.0,0.0,0.0,196608.0,21475966976.0,
16.875,4.125,48.750,29.375,0.0,0.875,0.0,236519424.0,19530916.0,148702.0,9867964416.0,44806144.0,11070144512.0,48168960.0,0.0,0.0,196608.0,21475966976.0,
18.375,2.250,50.375,28.0,0.125,0.875,8192.0,263708672.0,38211517.0,258638.0,9899835392.0,44814336.0,11040010240.0,46424064.0,0.0,0.0,196608.0,21475966976.0,
20.548,6.600,62.142,10.087,0.0,0.623,0.0,179707904.0,25093707.0,162165.0,9895403520.0,44937216.0,11041886208.0,48857088.0,0.0,0.0,196608.0,21475966976.0,
21.250,5.375,55.750,17.375,0.0,0.250,8503296.0,1015808.0,15078133.0,127034.0,9905061888.0,45064192.0,11034537984.0,46419968.0,0.0,0.0,196608.0,21475966976.0,
21.125,6.250,56.125,15.750,0.125,0.625,8192.0,71262208.0,19015847.0,132496.0,9932251136.0,45187072.0,11004821504.0,48824320.0,0.0,0.0,196608.0,21475966976.0,
1.750,1.500,52.0,44.0,0.0,0.750,4349952.0,285163520.0,25741764.0,194187.0,9947291648.0,45207552.0,10983579648.0,55005184.0,0.0,0.0,196608.0,21475966976.0,
15.500,4.0,50.375,29.625,0.0,0.500,8192.0,242073600.0,30493738.0,312712.0,9945296896.0,45281280.0,10994221056.0,46284800.0,0.0,0.0,196608.0,21475966976.0,
6.484,2.369,54.364,36.160,0.0,0.623,4194304.0,287719424.0,7435473.0,61871.0,9944158208.0,45318144.0,10994188288.0,47419392.0,0.0,0.0,196608.0,21475966976.0,
18.375,5.250,58.875,17.125,0.0,0.375,24576.0,42999808.0,9644591.0,73913.0,9937981440.0,45441024.0,10997968896.0,49692672.0,0.0,0.0,196608.0,21475966976.0,
42.269,9.102,32.544,15.461,0.125,0.499,4251648.0,134086656.0,13794989.0,156280.0,9659871232.0,45621248.0,11020242944.0,305348608.0,0.0,0.0,196608.0,21475966976.0,
9.0,2.625,45.500,42.375,0.0,0.500,0.0,280625152.0,10383022.0,134052.0,9660432384.0,45670400.0,11066585088.0,258396160.0,0.0,0.0,196608.0,21475966976.0,
10.487,2.747,50.687,35.456,0.0,0.624,4202496.0,260521984.0,12211421.0,113500.0,9656369152.0,45727744.0,11126087680.0,202899456.0,0.0,0.0,196608.0,21475966976.0,
21.125,5.875,59.500,12.750,0.125,0.625,8192.0,143745024.0,14972380.0,155192.0,9687195648.0,45858816.0,11246817280.0,51212288.0,0.0,0.0,196608.0,21475966976.0,
12.469,3.117,75.686,8.229,0.0,0.499,4202496.0,34258944.0,10958987.0,84052.0,9691176960.0,45924352.0,11248881664.0,45101056.0,0.0,0.0,196608.0,21475966976.0,
10.763,2.879,78.849,7.134,0.0,0.375,8192.0,100499456.0,17672138.0,151150.0,9696403456.0,45998080.0,11243524096.0,45158400.0,0.0,0.0,196608.0,21475966976.0,
12.344,3.117,55.736,28.055,0.125,0.623,4194304.0,282599424.0,16332494.0,141208.0,9710788608.0,46063616.0,11227693056.0,46538752.0,0.0,0.0,196608.0,21475966976.0,
5.0,1.375,60.125,32.750,0.0,0.750,0.0,278331392.0,22359180.0,215279.0,9708531712.0,46080000.0,11223670784.0,52801536.0,0.0,0.0,196608.0,21475966976.0,
13.375,4.125,71.125,10.750,0.0,0.625,16384.0,65699840.0,23822655.0,196550.0,9861615616.0,46129152.0,11078537216.0,44802048.0,0.0,0.0,196608.0,21475966976.0,
19.725,4.619,67.291,7.865,0.0,0.499,0.0,696320.0,30718554.0,293168.0,9330888704.0,46186496.0,11043684352.0,610324480.0,0.0,0.0,196608.0,21475966976.0,
11.111,2.871,70.787,14.607,0.125,0.499,8503296.0,87220224.0,27908566.0,222962.0,9334112256.0,46260224.0,11105239040.0,545472512.0,0.0,0.0,196608.0,21475966976.0,
11.264,2.753,39.299,46.058,0.0,0.626,0.0,286515200.0,23664095.0,214050.0,9332580352.0,46317568.0,11166093312.0,486092800.0,0.0,0.0,196608.0,21475966976.0,
10.848,3.491,72.693,12.469,0.0,0.499,4358144.0,103874560.0,23681227.0,262754.0,9329623040.0,46403584.0,11228692480.0,426364928.0,0.0,0.0,196608.0,21475966976.0,
10.112,2.247,78.652,8.489,0.125,0.375,0.0,409600.0,21419926.0,223608.0,9366794240.0,46448640.0,11272974336.0,344866816.0,0.0,0.0,196608.0,21475966976.0,
1.247,0.623,92.519,4.988,0.0,0.623,4194304.0,3334144.0,23828661.0,227314.0,9366941696.0,46448640.0,11273961472.0,343732224.0,0.0,0.0,196608.0,21475966976.0,
1.502,0.876,87.234,10.138,0.0,0.250,0.0,1802240.0,26671808.0,239864.0,9368592384.0,46456832.0,11273084928.0,342949888.0,0.0,0.0,196608.0,21475966976.0,
1.873,1.124,85.019,11.361,0.0,0.624,4243456.0,157974528.0,27596647.0,260716.0,9367371776.0,46460928.0,11273981952.0,343269376.0,0.0,0.0,196608.0,21475966976.0,
2.120,0.623,84.913,11.596,0.125,0.623,0.0,152043520.0,15887700.0,182066.0,9365139456.0,46460928.0,11273019392.0,346464256.0,0.0,0.0,196608.0,21475966976.0,
1.250,1.250,94.875,2.125,0.0,0.500,4194304.0,54837248.0,18093629.0,188449.0,9378111488.0,46469120.0,11273711616.0,332791808.0,0.0,0.0,196608.0,21475966976.0,
9.125,2.500,80.500,7.500,0.0,0.375,8192.0,8691712.0,22184839.0,250987.0,9413214208.0,46522368.0,11316842496.0,254504960.0,0.0,0.0,196608.0,21475966976.0,
11.486,2.996,75.531,9.114,0.0,0.874,4210688.0,17293312.0,20598109.0,241636.0,9417334784.0,46596096.0,11382136832.0,185016320.0,0.0,0.0,196608.0,21475966976.0,
26.217,3.870,59.051,9.613,0.125,1.124,0.0,211132416.0,44456706.0,510157.0,9349521408.0,46665728.0,11437424640.0,197472256.0,0.0,0.0,196608.0,21475966976.0,
25.343,2.622,64.045,7.491,0.0,0.499,4202496.0,417792.0,38248054.0,395080.0,9351892992.0,46718976.0,11488559104.0,143912960.0,0.0,0.0,196608.0,21475966976.0,
11.750,2.500,75.500,9.750,0.0,0.500,0.0,442368.0,26362182.0,348639.0,9356800000.0,46780416.0,11552124928.0,75378688.0,0.0,0.0,196608.0,21475966976.0,
11.389,2.753,78.348,7.259,0.0,0.250,8192.0,417792.0,23255320.0,280836.0,9360420864.0,46850048.0,11577634816.0,46178304.0,0.0,0.0,196608.0,21475966976.0,
12.718,2.868,75.062,8.603,0.125,0.623,0.0,483328.0,18879347.0,221451.0,9364549632.0,46915584.0,11573555200.0,46063616.0,0.0,0.0,196608.0,21475966976.0,
13.608,4.120,61.423,18.352,0.125,2.372,8495104.0,262201344.0,41672682.0,415807.0,9365401600.0,46968832.0,11570384896.0,48328704.0,0.0,0.0,196608.0,21475966976.0,
6.617,1.498,69.663,20.849,0.0,1.373,8192.0,276832256.0,120726068.0,1344476.0,9361719296.0,46972928.0,11572596736.0,49795072.0,0.0,0.0,196608.0,21475966976.0,
11.250,3.750,73.500,11.0,0.125,0.375,4349952.0,66297856.0,40954074.0,436525.0,9355030528.0,47046656.0,11580723200.0,48283648.0,0.0,0.0,196608.0,21475966976.0,
11.222,2.494,74.065,11.845,0.0,0.374,8192.0,442368.0,24266976.0,281651.0,9359400960.0,47112192.0,11579187200.0,45383680.0,0.0,0.0,196608.0,21475966976.0,
11.375,2.875,72.250,13.250,0.0,0.250,4194304.0,491520.0,18655325.0,230682.0,9364848640.0,47181824.0,11571376128.0,47677440.0,0.0,0.0,196608.0,21475966976.0,
12.360,3.496,66.667,16.729,0.125,0.624,0.0,262520832.0,22984471.0,239028.0,9365004288.0,47235072.0,11568701440.0,50143232.0,0.0,0.0,196608.0,21475966976.0,
2.122,1.124,69.039,26.966,0.0,0.749,4251648.0,212549632.0,24210986.0,284211.0,9355776000.0,47255552.0,11576623104.0,51429376.0,0.0,0.0,196608.0,21475966976.0,
20.526,3.755,75.094,0.125,0.0,0.501,0.0,0.0,23677575.0,249355.0,9117810688.0,47243264.0,11416186880.0,449843200.0,0.0,0.0,196608.0,21475966976.0,
1.498,0.874,97.129,0.0,0.0,0.499,4194304.0,0.0,25839605.0,217747.0,9118580736.0,47243264.0,11417083904.0,448176128.0,0.0,0.0,196608.0,21475966976.0,
0.874,0.375,98.127,0.0,0.125,0.499,0.0,0.0,28202335.0,252931.0,9118253056.0,47243264.0,11416195072.0,449392640.0,0.0,0.0,196608.0,21475966976.0,
1.377,0.751,93.242,4.255,0.0,0.375,4202496.0,119414784.0,21573733.0,217787.0,9116372992.0,47263744.0,11417427968.0,450019328.0,0.0,0.0,196608.0,21475966976.0,
1.621,0.748,97.257,0.0,0.0,0.374,0.0,0.0,20577923.0,214765.0,9116966912.0,47263744.0,11416199168.0,450654208.0,0.0,0.0,196608.0,21475966976.0,
1.001,0.501,98.123,0.0,0.0,0.375,4194304.0,0.0,21982071.0,215927.0,9116815360.0,47263744.0,11417096192.0,449908736.0,0.0,0.0,196608.0,21475966976.0,
1.496,0.748,97.257,0.0,0.0,0.499,0.0,0.0,23361885.0,234919.0,9116430336.0,47263744.0,11416203264.0,451186688.0,0.0,0.0,196608.0,21475966976.0,
2.003,0.626,96.996,0.0,0.0,0.375,0.0,40960.0,25759334.0,227401.0,9115975680.0,47271936.0,11414999040.0,452837376.0,0.0,0.0,196608.0,21475966976.0,
2.491,0.498,96.513,0.0,0.125,0.374,0.0,0.0,23573924.0,190903.0,9116176384.0,47271936.0,11414163456.0,453472256.0,0.0,0.0,196608.0,21475966976.0,
1.500,0.500,97.250,0.500,0.0,0.250,8495104.0,24576.0,18062418.0,130303.0,9116364800.0,47284224.0,11417149440.0,450285568.0,0.0,0.0,196608.0,21475966976.0,
1.375,0.625,97.750,0.0,0.0,0.250,0.0,0.0,17650362.0,144101.0,9115975680.0,47284224.0,11416309760.0,451514368.0,0.0,0.0,196608.0,21475966976.0,
1.247,0.499,97.506,0.249,0.0,0.499,4349952.0,0.0,17401585.0,161615.0,9115566080.0,47296512.0,11417210880.0,451010560.0,0.0,0.0,196608.0,21475966976.0,
1.373,0.624,97.753,0.0,0.0,0.250,0.0,0.0,19782194.0,220405.0,9115115520.0,47296512.0,11416399872.0,452272128.0,0.0,0.0,196608.0,21475966976.0,
1.252,0.501,97.997,0.0,0.0,0.250,4194304.0,49152.0,16212869.0,156006.0,9115029504.0,47304704.0,11417288704.0,451461120.0,0.0,0.0,196608.0,21475966976.0,
0.748,0.374,98.504,0.0,0.125,0.249,0.0,172032.0,19254836.0,189293.0,9114791936.0,47316992.0,11416387584.0,452587520.0,0.0,0.0,196608.0,21475966976.0,
1.750,0.500,97.625,0.0,0.0,0.125,4243456.0,0.0,14116507.0,134547.0,9114513408.0,47321088.0,11417280512.0,451969024.0,0.0,0.0,196608.0,21475966976.0,
1.496,0.623,97.506,0.125,0.0,0.249,0.0,1146880.0,15267811.0,160753.0,9130610688.0,47321088.0,11416420352.0,436731904.0,0.0,0.0,196608.0,21475966976.0,
0.625,0.250,98.875,0.0,0.0,0.250,4194304.0,0.0,11448651.0,82047.0,9131151360.0,47321088.0,11417317376.0,435294208.0,0.0,0.0,196608.0,21475966976.0,
0.750,0.250,99.0,0.0,0.0,0.0,0.0,40960.0,10862606.0,82143.0,9130881024.0,47329280.0,11416428544.0,436445184.0,0.0,0.0,196608.0,21475966976.0,
1.498,0.375,98.002,0.0,0.0,0.125,4202496.0,49152.0,4122033.0,37990.0,9130737664.0,47341568.0,11417313280.0,435691520.0,0.0,0.0,196608.0,21475966976.0,
0.375,0.250,99.250,0.0,0.0,0.125,0.0,0.0,5693599.0,56935.0,9146486784.0,47341568.0,11416428544.0,420827136.0,0.0,0.0,196608.0,21475966976.0,
0.749,0.375,98.752,0.0,0.0,0.125,4194304.0,0.0,5338951.0,42123.0,9146839040.0,47341568.0,11417337856.0,419565568.0,0.0,0.0,196608.0,21475966976.0,
0.749,0.499,98.627,0.0,0.0,0.125,0.0,40960.0,6485726.0,68922.0,9145905152.0,47349760.0,11416436736.0,421392384.0,0.0,0.0,196608.0,21475966976.0,
0.375,0.125,99.500,0.0,0.0,0.0,0.0,0.0,5336869.0,51947.0,9145589760.0,47349760.0,11415240704.0,422903808.0,0.0,0.0,196608.0,21475966976.0,
7.625,0.250,91.875,0.0,0.0,0.250,0.0,0.0,5431403.0,44513.0,9146355712.0,47349760.0,11414347776.0,423030784.0,0.0,0.0,196608.0,21475966976.0,
1.372,0.499,97.132,0.873,0.0,0.125,8429568.0,114688.0,7547111.0,74930.0,9146392576.0,47362048.0,11417325568.0,420003840.0,0.0,0.0,196608.0,21475966976.0,
0.375,0.125,99.500,0.0,0.0,0.0,65536.0,0.0,7762633.0,70153.0,9145987072.0,47362048.0,11416461312.0,421273600.0,0.0,0.0,196608.0,21475966976.0,
1.247,0.374,98.130,0.0,0.0,0.249,4349952.0,0.0,8973437.0,63699.0,9146384384.0,47374336.0,11417047040.0,420278272.0,0.0,0.0,196608.0,21475966976.0,
1.373,0.375,97.878,0.125,0.125,0.125,0.0,49152.0,10007346.0,78932.0,9146355712.0,47382528.0,11416559616.0,420786176.0,0.0,0.0,196608.0,21475966976.0,
0.375,0.125,99.375,0.0,0.0,0.125,4194304.0,0.0,9537111.0,85973.0,9146957824.0,47382528.0,11417456640.0,419287040.0,0.0,0.0,196608.0,21475966976.0,
0.999,0.375,98.377,0.0,0.0,0.250,0.0,0.0,8987117.0,68803.0,9146589184.0,47382528.0,11416563712.0,420548608.0,0.0,0.0,196608.0,21475966976.0,
1.248,0.624,98.002,0.0,0.0,0.125,4243456.0,368640.0,9423341.0,100430.0,9146929152.0,47386624.0,11417174016.0,419594240.0,0.0,0.0,196608.0,21475966976.0,
0.500,0.250,99.0,0.0,0.0,0.250,0.0,344064.0,10891640.0,141547.0,9146580992.0,47403008.0,11416580096.0,420519936.0,0.0,0.0,196608.0,21475966976.0,
0.750,0.375,98.750,0.0,0.0,0.125,4194304.0,0.0,11654131.0,108843.0,9146470400.0,47403008.0,11417509888.0,419700736.0,0.0,0.0,196608.0,21475966976.0,
2.250,0.500,97.0,0.0,0.0,0.250,0.0,0.0,11671371.0,100276.0,9145962496.0,47403008.0,11416621056.0,421097472.0,0.0,0.0,196608.0,21475966976.0,
0.623,0.249,98.753,0.0,0.125,0.249,4202496.0,0.0,12575486.0,102613.0,9146015744.0,47407104.0,11417509888.0,420151296.0,0.0,0.0,196608.0,21475966976.0,
0.749,0.499,98.502,0.0,0.0,0.250,0.0,32768.0,11737473.0,103213.0,9162530816.0,47407104.0,11416621056.0,404525056.0,0.0,0.0,196608.0,21475966976.0,
7.0,1.125,91.750,0.0,0.0,0.125,4194304.0,73728.0,11615412.0,106914.0,8545923072.0,47423488.0,11417100288.0,1020637184.0,0.0,0.0,196608.0,21475966976.0,
0.499,0.375,98.627,0.0,0.0,0.499,0.0,0.0,9346225.0,61297.0,8545079296.0,47423488.0,11416621056.0,1021960192.0,0.0,0.0,196608.0,21475966976.0,
0.998,0.374,98.379,0.0,0.0,0.249,0.0,0.0,13443949.0,123721.0,8545009664.0,47423488.0,11415420928.0,1023229952.0,0.0,0.0,196608.0,21475966976.0,
1.877,0.751,97.247,0.0,0.0,0.125,0.0,0.0,14032913.0,122350.0,8544886784.0,47423488.0,11414523904.0,1024249856.0,0.0,0.0,196608.0,21475966976.0,
0.749,0.250,97.878,0.749,0.0,0.375,8429568.0,1007616.0,14740745.0,109757.0,8545304576.0,47427584.0,11417530368.0,1020821504.0,0.0,0.0,196608.0,21475966976.0,
1.125,0.500,98.125,0.0,0.0,0.250,65536.0,98304.0,13320645.0,112069.0,8545386496.0,47443968.0,11416633344.0,1021620224.0,0.0,0.0,196608.0,21475966976.0,
4.608,0.623,94.396,0.0,0.0,0.374,4349952.0,0.0,24844852.0,181506.0,8545554432.0,47456256.0,11417522176.0,1020551168.0,0.0,0.0,196608.0,21475966976.0,
0.625,0.375,98.875,0.0,0.0,0.125,0.0,0.0,14196347.0,100649.0,8562962432.0,47456256.0,11416748032.0,1003917312.0,0.0,0.0,196608.0,21475966976.0,
1.873,0.375,97.503,0.0,0.0,0.250,4194304.0,0.0,11950029.0,106707.0,8563257344.0,47456256.0,11417645056.0,1002725376.0,0.0,0.0,196608.0,21475966976.0,
1.250,0.500,98.125,0.0,0.0,0.125,0.0,0.0,11529303.0,101286.0,8563081216.0,47456256.0,11416752128.0,1003794432.0,0.0,0.0,196608.0,21475966976.0,
0.748,0.249,98.628,0.0,0.125,0.249,4243456.0,40960.0,11211751.0,95819.0,8563003392.0,47468544.0,11417636864.0,1002975232.0,0.0,0.0,196608.0,21475966976.0,
22.875,0.500,76.375,0.0,0.0,0.250,0.0,24576.0,12000521.0,113749.0,8563785728.0,47476736.0,11416764416.0,1003057152.0,0.0,0.0,196608.0,21475966976.0,
1.498,0.749,97.503,0.0,0.0,0.250,4194304.0,0.0,14979119.0,106954.0,8581701632.0,47476736.0,11417559040.0,984346624.0,0.0,0.0,196608.0,21475966976.0,
0.874,0.499,98.377,0.0,0.0,0.250,0.0,0.0,14833541.0,136094.0,8581206016.0,47476736.0,11416666112.0,985735168.0,0.0,0.0,196608.0,21475966976.0,
1.248,0.499,97.753,0.0,0.125,0.375,4202496.0,0.0,17010225.0,154192.0,8581013504.0,47480832.0,11417669632.0,984920064.0,0.0,0.0,196608.0,21475966976.0,
1.496,0.748,97.257,0.125,0.0,0.374,0.0,0.0,20239679.0,180210.0,8581300224.0,47480832.0,11416883200.0,985419776.0,0.0,0.0,196608.0,21475966976.0,
1.001,0.375,98.248,0.0,0.0,0.375,4194304.0,81920.0,21160139.0,188286.0,8581218304.0,47497216.0,11417767936.0,984600576.0,0.0,0.0,196608.0,21475966976.0,
1.125,0.625,98.0,0.0,0.0,0.250,0.0,0.0,19509140.0,159976.0,8600662016.0,47497216.0,11416780800.0,966144000.0,0.0,0.0,196608.0,21475966976.0,
1.748,0.749,97.129,0.0,0.0,0.375,0.0,0.0,14772299.0,120360.0,8600588288.0,47497216.0,11415584768.0,967413760.0,0.0,0.0,196608.0,21475966976.0,
4.375,0.375,95.0,0.0,0.0,0.250,0.0,0.0,21820766.0,180264.0,8600469504.0,47497216.0,11414687744.0,968429568.0,0.0,0.0,196608.0,21475966976.0,
1.125,0.625,97.125,0.750,0.0,0.375,8429568.0,81920.0,14291055.0,123466.0,8635576320.0,47509504.0,11417563136.0,930435072.0,0.0,0.0,196608.0,21475966976.0,
2.622,0.624,96.255,0.0,0.0,0.499,65536.0,0.0,16858447.0,125610.0,8650489856.0,47509504.0,11416870912.0,916213760.0,0.0,0.0,196608.0,21475966976.0,
0.874,0.499,98.252,0.0,0.125,0.250,4349952.0,0.0,18138592.0,155376.0,8668246016.0,47521792.0,11417694208.0,897622016.0,0.0,0.0,196608.0,21475966976.0,
1.870,0.748,97.132,0.0,0.0,0.249,0.0,0.0,15910793.0,127176.0,8668610560.0,47521792.0,11416907776.0,898043904.0,0.0,0.0,196608.0,21475966976.0,
1.502,0.876,97.372,0.0,0.0,0.250,4194304.0,32768.0,17120317.0,139188.0,8685703168.0,47529984.0,11418091520.0,879759360.0,0.0,0.0,196608.0,21475966976.0,
1.125,0.375,98.0,0.0,0.0,0.500,0.0,40960.0,18523605.0,222974.0,8685649920.0,47538176.0,11417001984.0,880893952.0,0.0,0.0,196608.0,21475966976.0,
0.874,0.624,98.127,0.0,0.125,0.250,4243456.0,0.0,21041753.0,156004.0,8685862912.0,47542272.0,11417792512.0,879886336.0,0.0,0.0,196608.0,21475966976.0,
1.621,0.748,97.257,0.0,0.0,0.374,0.0,0.0,16250445.0,137699.0,8702820352.0,47542272.0,11416928256.0,863793152.0,0.0,0.0,196608.0,21475966976.0,
0.875,0.250,98.625,0.0,0.0,0.250,4194304.0,0.0,13405757.0,130288.0,8703311872.0,47542272.0,11417825280.0,862404608.0,0.0,0.0,196608.0,21475966976.0,
0.874,0.375,98.377,0.0,0.0,0.375,0.0,385024.0,13945886.0,114144.0,8702713856.0,47542272.0,11417034752.0,863793152.0,0.0,0.0,196608.0,21475966976.0,
1.248,0.499,97.878,0.125,0.0,0.250,4202496.0,0.0,16060345.0,163755.0,8702865408.0,47546368.0,11417825280.0,862846976.0,0.0,0.0,196608.0,21475966976.0,
3.250,0.375,96.125,0.0,0.0,0.250,0.0,40960.0,12589289.0,110660.0,8702705664.0,47554560.0,11416932352.0,863891456.0,0.0,0.0,196608.0,21475966976.0,
0.998,0.374,98.130,0.0,0.125,0.374,4194304.0,0.0,14659977.0,118834.0,8719409152.0,47554560.0,11417726976.0,846393344.0,0.0,0.0,196608.0,21475966976.0,
1.750,0.625,97.500,0.0,0.0,0.125,0.0,0.0,12918382.0,95605.0,8718426112.0,47554560.0,11417034752.0,848068608.0,0.0,0.0,196608.0,21475966976.0,
1.250,0.625,97.750,0.0,0.0,0.375,0.0,466944.0,11732315.0,119512.0,8719220736.0,47562752.0,11415851008.0,848449536.0,0.0,0.0,196608.0,21475966976.0,
1.373,0.749,97.378,0.0,0.0,0.499,0.0,40960.0,20206752.0,231392.0,8736632832.0,47570944.0,11414945792.0,831934464.0,0.0,0.0,196608.0,21475966976.0,
5.243,1.124,93.258,0.125,0.0,0.250,8429568.0,0.0,24253083.0,222261.0,8768741376.0,47575040.0,11417722880.0,797044736.0,0.0,0.0,196608.0,21475966976.0,
2.747,1.748,94.007,0.0,0.125,1.373,65536.0,0.0,21257026.0,201310.0,8836718592.0,47575040.0,11417075712.0,729714688.0,0.0,0.0,196608.0,21475966976.0,
4.125,2.875,91.500,0.0,0.0,1.500,139264.0,0.0,173771196.0,1684148.0,8905904128.0,47579136.0,11417071616.0,660529152.0,0.0,0.0,196608.0,21475966976.0,
2.625,1.0,95.875,0.0,0.0,0.500,4210688.0,172032.0,24372489.0,260208.0,8923074560.0,47595520.0,11418107904.0,642306048.0,0.0,0.0,196608.0,21475966976.0,
18.976,0.749,79.650,0.0,0.0,0.624,0.0,0.0,23124946.0,188094.0,8942153728.0,47595520.0,11416915968.0,624418816.0,0.0,0.0,196608.0,21475966976.0,
6.858,1.621,90.773,0.249,0.125,0.374,4218880.0,49152.0,24740793.0,268129.0,8977215488.0,47652864.0,11447889920.0,558325760.0,0.0,0.0,196608.0,21475966976.0,
15.519,3.254,75.970,4.881,0.0,0.375,8192.0,9101312.0,21495357.0,264122.0,8979193856.0,47714304.0,11507978240.0,496197632.0,0.0,0.0,196608.0,21475966976.0,
11.111,2.996,75.031,9.988,0.0,0.874,4243456.0,17227776.0,32142008.0,394582.0,8983851008.0,47779840.0,11571961856.0,427491328.0,0.0,0.0,196608.0,21475966976.0,
11.985,3.371,74.782,9.114,0.125,0.624,8192.0,99672064.0,38490624.0,475109.0,9006043136.0,47845376.0,11633565696.0,343629824.0,0.0,0.0,196608.0,21475966976.0,
14.981,3.870,69.788,10.237,0.0,1.124,4194304.0,275013632.0,38677696.0,455050.0,9071394816.0,47915008.0,11696009216.0,215764992.0,0.0,0.0,196608.0,21475966976.0,
11.125,3.375,74.500,10.625,0.0,0.375,8192.0,2080768.0,31517453.0,340190.0,9089548288.0,47988736.0,11757228032.0,136318976.0,0.0,0.0,196608.0,21475966976.0,
11.361,2.871,71.036,14.107,0.0,0.624,4202496.0,450560.0,27104477.0,287809.0,9111781376.0,48054272.0,11822432256.0,48816128.0,0.0,0.0,196608.0,21475966976.0,
12.250,3.250,73.250,10.750,0.0,0.500,8192.0,417792.0,28929292.0,316000.0,9115410432.0,48115712.0,11820535808.0,47022080.0,0.0,0.0,196608.0,21475966976.0,
12.219,3.367,68.204,15.337,0.125,0.748,4194304.0,85590016.0,38104109.0,411569.0,9136979968.0,48160768.0,11798638592.0,47304704.0,0.0,0.0,196608.0,21475966976.0,
7.491,2.871,59.551,29.089,0.125,0.874,0.0,278159360.0,28674280.0,270357.0,9169444864.0,48201728.0,11764293632.0,49143808.0,0.0,0.0,196608.0,21475966976.0,
3.375,1.625,74.750,19.500,0.0,0.750,8192.0,268361728.0,29059807.0,274714.0,9164759040.0,48214016.0,11767582720.0,50528256.0,0.0,0.0,196608.0,21475966976.0,
12.125,3.375,70.750,13.250,0.0,0.500,0.0,1351680.0,30764095.0,279337.0,9196539904.0,48283648.0,11739414528.0,46845952.0,0.0,0.0,196608.0,21475966976.0,
12.0,3.250,70.125,14.250,0.0,0.375,8503296.0,466944.0,32935837.0,305867.0,9201442816.0,48357376.0,11736109056.0,45174784.0,0.0,0.0,196608.0,21475966976.0,
2.871,1.498,91.386,3.496,0.125,0.624,0.0,93503488.0,25681425.0,261999.0,9227460608.0,48357376.0,11707076608.0,48189440.0,0.0,0.0,196608.0,21475966976.0,
1.124,0.999,85.643,11.361,0.0,0.874,4349952.0,281272320.0,22571555.0,202273.0,9241288704.0,48369664.0,11691597824.0,49827840.0,0.0,0.0,196608.0,21475966976.0,
3.371,0.999,93.758,1.373,0.0,0.499,0.0,28016640.0,26356547.0,262219.0,9271869440.0,48386048.0,11663155200.0,47673344.0,0.0,0.0,196608.0,21475966976.0,
2.500,0.875,96.125,0.0,0.0,0.500,4194304.0,0.0,29257599.0,281811.0,9271595008.0,48386048.0,11664318464.0,46784512.0,0.0,0.0,196608.0,21475966976.0,
4.370,0.999,94.007,0.0,0.0,0.624,0.0,0.0,33577665.0,305735.0,9288482816.0,48381952.0,11645276160.0,48943104.0,0.0,0.0,196608.0,21475966976.0,
1.625,1.0,96.750,0.0,0.0,0.625,4243456.0,32768.0,33586123.0,301569.0,9323282432.0,48394240.0,11612278784.0,47128576.0,0.0,0.0,196608.0,21475966976.0,
5.993,1.248,92.260,0.0,0.0,0.499,0.0,40960.0,28897294.0,260295.0,9340735488.0,48402432.0,11594518528.0,47427584.0,0.0,0.0,196608.0,21475966976.0,
5.860,0.623,92.768,0.0,0.125,0.623,4194304.0,0.0,29898154.0,291451.0,9341296640.0,48402432.0,11595063296.0,46321664.0,0.0,0.0,196608.0,21475966976.0,
19.775,2.753,76.345,0.0,0.0,1.126,0.0,0.0,67352648.0,664431.0,8732160000.0,48402432.0,11576778752.0,673742848.0,0.0,0.0,196608.0,21475966976.0,
5.618,3.745,88.390,0.0,0.250,1.998,4202496.0,0.0,121342270.0,1352041.0,8838807552.0,48406528.0,11578138624.0,565731328.0,0.0,0.0,196608.0,21475966976.0,
2.494,1.372,95.012,0.0,0.125,0.998,0.0,0.0,59707834.0,585175.0,8874274816.0,48406528.0,11576946688.0,531456000.0,0.0,0.0,196608.0,21475966976.0,
1.373,0.999,97.129,0.0,0.0,0.499,4194304.0,73728.0,26376914.0,254355.0,8909492224.0,48422912.0,11578028032.0,495140864.0,0.0,0.0,196608.0,21475966976.0,
1.500,1.0,97.0,0.0,0.0,0.500,0.0,0.0,22696072.0,222076.0,8925839360.0,48422912.0,11577245696.0,479576064.0,0.0,0.0,196608.0,21475966976.0,
1.375,0.625,97.500,0.0,0.125,0.375,0.0,0.0,27728977.0,249875.0,8925982720.0,48422912.0,11575959552.0,480718848.0,0.0,0.0,196608.0,21475966976.0,
1.124,0.499,97.878,0.0,0.0,0.499,0.0,0.0,19516257.0,187155.0,8925634560.0,48422912.0,11575164928.0,481861632.0,0.0,0.0,196608.0,21475966976.0,
4.250,2.250,91.500,0.750,0.0,1.250,8495104.0,0.0,78742225.0,641122.0,8997474304.0,48427008.0,11577843712.0,407339008.0,0.0,0.0,196608.0,21475966976.0,
3.990,2.494,91.771,0.125,0.125,1.496,0.0,57344.0,105524918.0,833889.0,9083449344.0,48435200.0,11576942592.0,322256896.0,0.0,0.0,196608.0,21475966976.0,
2.372,1.248,95.506,0.0,0.125,0.749,4349952.0,0.0,55839782.0,484945.0,9119625216.0,48447488.0,11577921536.0,285089792.0,0.0,0.0,196608.0,21475966976.0,
1.373,0.874,97.378,0.0,0.0,0.375,0.0,0.0,13800748.0,163766.0,9154174976.0,48447488.0,11577131008.0,251330560.0,0.0,0.0,196608.0,21475966976.0,
0.875,0.500,98.375,0.0,0.0,0.250,4194304.0,0.0,12786004.0,137987.0,9170706432.0,48447488.0,11578208256.0,233721856.0,0.0,0.0,196608.0,21475966976.0,
1.625,0.375,97.750,0.0,0.0,0.250,0.0,1187840.0,13098815.0,149424.0,9173118976.0,48455680.0,11577122816.0,232386560.0,0.0,0.0,196608.0,21475966976.0,
20.225,1.623,77.903,0.0,0.0,0.250,4243456.0,73728.0,13108224.0,150771.0,8532451328.0,48467968.0,11578204160.0,871960576.0,0.0,0.0,196608.0,21475966976.0,
0.875,0.250,98.625,0.0,0.0,0.250,0.0,0.0,12434637.0,122241.0,8532246528.0,48467968.0,11577012224.0,873357312.0,0.0,0.0,196608.0,21475966976.0,
0.748,0.499,98.379,0.0,0.0,0.374,4194304.0,0.0,12046191.0,126669.0,8531718144.0,48467968.0,11578343424.0,872554496.0,0.0,0.0,196608.0,21475966976.0,
1.126,0.375,98.248,0.0,0.0,0.250,0.0,0.0,13066701.0,129773.0,8531513344.0,48467968.0,11577151488.0,873951232.0,0.0,0.0,196608.0,21475966976.0,
0.499,0.375,99.001,0.0,0.0,0.125,4202496.0,0.0,9083021.0,87381.0,8531353600.0,48472064.0,11578339328.0,872919040.0,0.0,0.0,196608.0,21475966976.0,
0.624,0.125,98.752,0.0,0.125,0.375,0.0,0.0,11820009.0,128011.0,8531853312.0,48472064.0,11577442304.0,873316352.0,0.0,0.0,196608.0,21475966976.0,
1.372,0.623,97.631,0.125,0.0,0.249,4194304.0,65536.0,11676223.0,121895.0,8531877888.0,48488448.0,11578273792.0,872443904.0,0.0,0.0,196608.0,21475966976.0,
0.750,0.375,98.750,0.0,0.0,0.125,0.0,0.0,10322233.0,115473.0,8547672064.0,48488448.0,11577081856.0,857841664.0,0.0,0.0,196608.0,21475966976.0,
1.500,0.750,97.625,0.0,0.0,0.125,0.0,0.0,10092890.0,113277.0,8564572160.0,48488448.0,11576188928.0,841834496.0,0.0,0.0,196608.0,21475966976.0,
1.498,0.874,97.253,0.0,0.0,0.375,0.0,376832.0,13616643.0,146991.0,8564871168.0,48488448.0,11574992896.0,842731520.0,0.0,0.0,196608.0,21475966976.0,
3.745,0.375,94.757,0.624,0.0,0.499,8495104.0,57344.0,14712103.0,164509.0,8564912128.0,48500736.0,11577970688.0,839700480.0,0.0,0.0,196608.0,21475966976.0,
0.876,0.250,98.498,0.0,0.125,0.250,0.0,0.0,14979552.0,146345.0,8564666368.0,48500736.0,11577073664.0,840843264.0,0.0,0.0,196608.0,21475966976.0,
1.498,0.499,97.753,0.0,0.0,0.250,4349952.0,0.0,14067209.0,159587.0,8564944896.0,48513024.0,11578023936.0,839602176.0,0.0,0.0,196608.0,21475966976.0,
0.875,0.500,98.250,0.0,0.0,0.375,0.0,352256.0,16088463.0,168231.0,8565071872.0,48521216.0,11577118720.0,840372224.0,0.0,0.0,196608.0,21475966976.0,
3.865,0.748,94.514,0.0,0.125,0.748,4194304.0,40960.0,27081417.0,284197.0,8585302016.0,48521216.0,11578400768.0,818860032.0,0.0,0.0,196608.0,21475966976.0,
2.625,0.875,96.0,0.0,0.0,0.500,0.0,40960.0,25235049.0,269153.0,8601219072.0,48529408.0,11577200640.0,804134912.0,0.0,0.0,196608.0,21475966976.0,
1.623,0.499,97.253,0.0,0.0,0.624,4243456.0,0.0,25022624.0,282541.0,8618921984.0,48533504.0,11578093568.0,785534976.0,0.0,0.0,196608.0,21475966976.0,
1.250,0.500,97.750,0.0,0.0,0.500,0.0,0.0,21492071.0,253603.0,8618823680.0,48533504.0,11576905728.0,786821120.0,0.0,0.0,196608.0,21475966976.0,
1.373,0.874,97.378,0.0,0.125,0.250,4194304.0,40960.0,16526223.0,195557.0,8618553344.0,48541696.0,11578122240.0,785866752.0,0.0,0.0,196608.0,21475966976.0,
3.246,0.624,95.630,0.0,0.0,0.499,0.0,417792.0,18731749.0,208305.0,8639365120.0,48541696.0,11577245696.0,765931520.0,0.0,0.0,196608.0,21475966976.0,
9.750,0.500,89.0,0.125,0.0,0.625,4202496.0,0.0,22783311.0,276433.0,8640643072.0,48545792.0,11578437632.0,763457536.0,0.0,0.0,196608.0,21475966976.0,
1.498,0.749,97.129,0.0,0.125,0.499,0.0,40960.0,24913291.0,309089.0,8640823296.0,48553984.0,11577233408.0,764473344.0,0.0,0.0,196608.0,21475966976.0,
10.612,2.497,82.272,4.245,0.0,0.375,4194304.0,8192.0,19819242.0,275383.0,8658866176.0,48615424.0,11634409472.0,689192960.0,0.0,0.0,196608.0,21475966976.0,
17.853,2.871,65.543,12.984,0.125,0.624,0.0,136822784.0,19146475.0,202283.0,8662949888.0,48676864.0,11696594944.0,622862336.0,0.0,0.0,196608.0,21475966976.0,
10.125,2.500,70.125,16.875,0.0,0.375,8192.0,59457536.0,19953876.0,191755.0,8680538112.0,48742400.0,11745554432.0,556249088.0,0.0,0.0,196608.0,21475966976.0,
11.625,2.750,72.875,12.375,0.0,0.375,0.0,524288.0,20758369.0,192685.0,8703787008.0,48816128.0,11812241408.0,466239488.0,0.0,0.0,196608.0,21475966976.0,
11.111,2.747,78.777,7.116,0.0,0.250,8437760.0,475136.0,15790865.0,181311.0,8708751360.0,48889856.0,11881234432.0,392208384.0,0.0,0.0,196608.0,21475966976.0,
11.486,2.871,76.779,8.489,0.0,0.375,65536.0,425984.0,18104946.0,204669.0,8712740864.0,48955392.0,11947249664.0,322138112.0,0.0,0.0,196608.0,21475966976.0,
13.983,4.994,73.533,6.866,0.125,0.499,4358144.0,126820352.0,20946453.0,208395.0,8717398016.0,49033216.0,12010147840.0,254504960.0,0.0,0.0,196608.0,21475966976.0,
11.236,2.497,73.658,12.110,0.0,0.499,0.0,289431552.0,15362080.0,152483.0,8715169792.0,49094656.0,12074160128.0,192659456.0,0.0,0.0,196608.0,21475966976.0,
9.875,2.125,70.375,17.0,0.0,0.625,4202496.0,207323136.0,19292676.0,183945.0,8720969728.0,49143808.0,12102733824.0,158236672.0,0.0,0.0,196608.0,21475966976.0,
11.735,2.996,74.407,10.612,0.0,0.250,16384.0,13615104.0,19306998.0,238953.0,8727937024.0,49225728.0,12167667712.0,86253568.0,0.0,0.0,196608.0,21475966976.0,
11.735,2.622,75.031,9.988,0.125,0.499,4251648.0,655360.0,27411999.0,289057.0,8732192768.0,49295360.0,12199149568.0,50446336.0,0.0,0.0,196608.0,21475966976.0,
10.112,3.371,73.533,12.235,0.0,0.749,0.0,123158528.0,43122906.0,446920.0,8737812480.0,48918528.0,12198735872.0,45617152.0,0.0,0.0,196608.0,21475966976.0,
0.999,1.373,78.652,18.227,0.125,0.624,2097152.0,279461888.0,23604695.0,235141.0,8750018560.0,48918528.0,12180119552.0,52027392.0,0.0,0.0,196608.0,21475966976.0,
0.750,0.875,89.375,8.375,0.0,0.625,2097152.0,181075968.0,20139048.0,202695.0,8741715968.0,48934912.0,12179034112.0,61399040.0,0.0,0.0,196608.0,21475966976.0,
4.130,1.126,94.118,0.0,0.0,0.626,4202496.0,0.0,35335196.0,326892.0,8757452800.0,48930816.0,12174340096.0,50360320.0,0.0,0.0,196608.0,21475966976.0,
2.491,0.996,95.641,0.0,0.125,0.747,0.0,0.0,45091554.0,460129.0,8757133312.0,48930816.0,12173500416.0,51519488.0,0.0,0.0,196608.0,21475966976.0,
1.125,0.750,97.125,0.500,0.0,0.500,4194304.0,20938752.0,28623215.0,327163.0,8756940800.0,48939008.0,12174385152.0,50819072.0,0.0,0.0,196608.0,21475966976.0,
1.375,0.875,97.375,0.0,0.0,0.375,0.0,0.0,22575104.0,275829.0,8757338112.0,48939008.0,12173193216.0,51613696.0,0.0,0.0,196608.0,21475966976.0,
4.250,1.0,94.375,0.0,0.0,0.375,0.0,0.0,23320320.0,221395.0,8804302848.0,48934912.0,12131176448.0,46669824.0,0.0,0.0,196608.0,21475966976.0,
1.245,0.747,97.260,0.125,0.125,0.498,0.0,40960.0,25080162.0,300495.0,8821903360.0,48943104.0,12109930496.0,50307072.0,0.0,0.0,196608.0,21475966976.0,
1.627,0.876,96.746,0.501,0.0,0.250,8429568.0,0.0,29375428.0,358488.0,8822243328.0,48947200.0,12112932864.0,46960640.0,0.0,0.0,196608.0,21475966976.0,
1.623,0.499,97.378,0.0,0.0,0.499,65536.0,0.0,22042359.0,295361.0,8822804480.0,48947200.0,12112117760.0,47214592.0,0.0,0.0,196608.0,21475966976.0,
1.248,0.749,97.628,0.0,0.125,0.250,4349952.0,0.0,23541553.0,303425.0,8837640192.0,48959488.0,12094844928.0,49639424.0,0.0,0.0,196608.0,21475966976.0,
5.868,1.873,91.635,0.0,0.0,0.624,0.0,0.0,33374686.0,387642.0,8901218304.0,48955392.0,12034191360.0,46718976.0,0.0,0.0,196608.0,21475966976.0,
1.125,0.500,97.750,0.125,0.0,0.500,4194304.0,57344.0,25626681.0,253113.0,8901722112.0,48963584.0,12035276800.0,45121536.0,0.0,0.0,196608.0,21475966976.0,
3.745,0.749,95.131,0.0,0.0,0.375,0.0,0.0,24292891.0,217080.0,8918650880.0,48959488.0,12015439872.0,48033792.0,0.0,0.0,196608.0,21475966976.0,
1.122,0.623,97.880,0.0,0.125,0.249,4243456.0,0.0,12986263.0,109226.0,8919867392.0,48963584.0,12015857664.0,46395392.0,0.0,0.0,196608.0,21475966976.0,
7.885,1.377,90.488,0.0,0.0,0.250,0.0,0.0,21061368.0,144827.0,9005961216.0,48943104.0,11929157632.0,47022080.0,0.0,0.0,196608.0,21475966976.0,
1.124,0.624,97.878,0.0,0.0,0.375,4194304.0,0.0,17703720.0,155130.0,9023045632.0,48939008.0,11911544832.0,47554560.0,0.0,0.0,196608.0,21475966976.0,
6.617,0.999,92.135,0.0,0.0,0.250,0.0,40960.0,17401631.0,152618.0,9052667904.0,48947200.0,11881668608.0,47800320.0,0.0,0.0,196608.0,21475966976.0,
1.625,0.500,97.500,0.0,0.0,0.375,4202496.0,0.0,19623589.0,145457.0,9052884992.0,48951296.0,11882512384.0,46735360.0,0.0,0.0,196608.0,21475966976.0,
0.748,0.374,98.628,0.0,0.125,0.125,0.0,40960.0,14269847.0,87790.0,9052856320.0,48959488.0,11881627648.0,47640576.0,0.0,0.0,196608.0,21475966976.0,
1.498,0.624,97.628,0.0,0.0,0.250,4194304.0,0.0,18423421.0,118212.0,9052561408.0,48959488.0,11882721280.0,46841856.0,0.0,0.0,196608.0,21475966976.0,
22.750,0.750,76.125,0.125,0.0,0.250,0.0,73728.0,15034937.0,133557.0,9086099456.0,48963584.0,11847254016.0,48766976.0,0.0,0.0,196608.0,21475966976.0,
1.248,0.624,97.753,0.0,0.0,0.375,0.0,1032192.0,20619837.0,152366.0,9102102528.0,48963584.0,11833139200.0,46878720.0,0.0,0.0,196608.0,21475966976.0,
2.250,0.625,96.875,0.0,0.0,0.250,0.0,0.0,16337815.0,143308.0,9103785984.0,48963584.0,11831558144.0,46776320.0,0.0,0.0,196608.0,21475966976.0,
2.625,0.625,95.875,0.500,0.125,0.250,8429568.0,0.0,17305026.0,128909.0,9121394688.0,48967680.0,11814006784.0,46714880.0,0.0,0.0,196608.0,21475966976.0,
0.749,0.499,98.377,0.0,0.0,0.375,65536.0,0.0,19307599.0,144246.0,9121591296.0,48967680.0,11813167104.0,47357952.0,0.0,0.0,196608.0,21475966976.0,
1.372,0.623,97.506,0.125,0.0,0.374,4349952.0,32768.0,16559707.0,155102.0,9121247232.0,48988160.0,11814207488.0,46641152.0,0.0,0.0,196608.0,21475966976.0,
1.001,1.126,97.497,0.0,0.0,0.375,0.0,49152.0,16548943.0,142831.0,9171820544.0,48988160.0,11760582656.0,49692672.0,0.0,0.0,196608.0,21475966976.0,
1.498,0.999,97.253,0.0,0.0,0.250,4194304.0,0.0,23366798.0,206230.0,9223786496.0,48984064.0,11707666432.0,50647040.0,0.0,0.0,196608.0,21475966976.0,
1.248,0.749,97.753,0.0,0.125,0.125,0.0,0.0,18767130.0,162032.0,9240928256.0,48984064.0,11694829568.0,46342144.0,0.0,0.0,196608.0,21475966976.0,
29.250,1.375,66.250,2.625,0.0,0.500,4276224.0,335872.0,23683671.0,222499.0,9260564480.0,49025024.0,11674963968.0,46530560.0,0.0,0.0,196608.0,21475966976.0,
11.860,2.747,74.282,10.737,0.0,0.375,0.0,25853952.0,15425415.0,119308.0,9259278336.0,49098752.0,11676655616.0,46051328.0,0.0,0.0,196608.0,21475966976.0,
14.214,3.491,71.571,10.100,0.125,0.499,2105344.0,82214912.0,16958918.0,149298.0,9277739008.0,49160192.0,11656790016.0,47394816.0,0.0,0.0,196608.0,21475966976.0,
15.500,4.125,62.500,17.375,0.0,0.500,2129920.0,181633024.0,10950659.0,135396.0,9277767680.0,48701440.0,11656310784.0,48304128.0,0.0,0.0,196608.0,21475966976.0,
21.973,5.119,63.546,9.114,0.0,0.250,4210688.0,34512896.0,8798409.0,69712.0,9283629056.0,48812032.0,11649302528.0,49340416.0,0.0,0.0,196608.0,21475966976.0,
21.652,5.131,61.577,11.514,0.0,0.125,8192.0,29483008.0,12836153.0,100264.0,9288708096.0,48812032.0,11643359232.0,50204672.0,0.0,0.0,196608.0,21475966976.0,
22.472,4.869,62.297,10.112,0.0,0.250,4210688.0,32227328.0,9196647.0,83116.0,9295687680.0,48832512.0,11639078912.0,47484928.0,0.0,0.0,196608.0,21475966976.0,
19.725,5.368,60.300,14.232,0.0,0.375,0.0,138477568.0,9347066.0,79894.0,9297461248.0,48844800.0,11638435840.0,46342144.0,0.0,0.0,196608.0,21475966976.0,
11.125,1.750,58.750,27.875,0.0,0.500,8192.0,207765504.0,10571487.0,98533.0,9243660288.0,48877568.0,11638530048.0,100016128.0,0.0,0.0,196608.0,21475966976.0,
17.478,3.870,61.673,16.355,0.0,0.624,8192.0,228556800.0,9993026.0,91368.0,9261301760.0,48975872.0,11675561984.0,45244416.0,0.0,0.0,196608.0,21475966976.0,
13.466,4.863,58.354,22.569,0.125,0.623,8437760.0,229179392.0,12443106.0,120922.0,9258315776.0,49057792.0,9754120192.0,1969590272.0,0.0,0.0,196608.0,21475966976.0,
12.125,2.500,55.375,29.375,0.0,0.625,73728.0,216203264.0,13314294.0,119544.0,9258942464.0,49139712.0,9821769728.0,1901232128.0,0.0,0.0,196608.0,21475966976.0,
20.500,6.125,46.0,27.0,0.0,0.375,4358144.0,136773632.0,13612739.0,140418.0,9254486016.0,49278976.0,9947598848.0,1779720192.0,0.0,0.0,196608.0,21475966976.0,
9.738,2.372,48.939,38.327,0.0,0.624,8192.0,221257728.0,16304229.0,185030.0,9291673600.0,49344512.0,10003554304.0,1686511616.0,0.0,0.0,196608.0,21475966976.0,
22.222,4.494,40.449,32.210,0.0,0.624,8192.0,223371264.0,17722298.0,158457.0,9310085120.0,49451008.0,10111963136.0,1559584768.0,0.0,0.0,196608.0,21475966976.0,
14.375,3.375,57.750,24.0,0.0,0.500,4202496.0,206807040.0,20148295.0,169986.0,9303412736.0,49545216.0,10191224832.0,1486901248.0,0.0,0.0,196608.0,21475966976.0,
5.493,1.373,85.019,7.491,0.125,0.499,8192.0,262144.0,22287144.0,178576.0,9322954752.0,49582080.0,10219327488.0,1439219712.0,0.0,0.0,196608.0,21475966976.0,
0.874,0.999,92.884,4.869,0.0,0.375,4243456.0,123060224.0,17903307.0,110217.0,9326161920.0,49586176.0,10220236800.0,1435099136.0,0.0,0.0,196608.0,21475966976.0,
4.744,0.624,82.896,11.236,0.0,0.499,0.0,253091840.0,10956407.0,74454.0,9325522944.0,49586176.0,10219368448.0,1436606464.0,0.0,0.0,196608.0,21475966976.0,
1.0,0.750,86.500,11.0,0.125,0.625,4194304.0,233308160.0,11345803.0,70956.0,9322377216.0,49586176.0,10220265472.0,1438855168.0,0.0,0.0,196608.0,21475966976.0,
8.489,1.748,86.517,2.747,0.0,0.499,0.0,54591488.0,26014081.0,201991.0,9011404800.0,49594368.0,10219360256.0,1750724608.0,0.0,0.0,196608.0,21475966976.0,
1.375,0.875,97.250,0.0,0.0,0.500,4202496.0,0.0,29873086.0,280218.0,9029705728.0,49598464.0,10220253184.0,1731526656.0,0.0,0.0,196608.0,21475966976.0,
0.625,0.375,98.750,0.0,0.0,0.250,0.0,81920.0,16037623.0,139978.0,9029292032.0,49614848.0,10219364352.0,1732812800.0,0.0,0.0,196608.0,21475966976.0,
0.999,0.499,98.127,0.0,0.0,0.375,4194304.0,0.0,19014562.0,169233.0,9029079040.0,49614848.0,10220269568.0,1732120576.0,0.0,0.0,196608.0,21475966976.0,
3.995,1.373,93.883,0.0,0.125,0.624,0.0,0.0,35201825.0,404442.0,9064849408.0,49614848.0,10219397120.0,1697222656.0,0.0,0.0,196608.0,21475966976.0,
5.993,1.623,85.518,6.742,0.0,0.125,548864.0,9003008.0,5951059.0,67592.0,9099677696.0,49684480.0,10247233536.0,1634488320.0,0.0,0.0,196608.0,21475966976.0,
12.875,3.750,69.125,13.875,0.0,0.375,598016.0,103809024.0,18414414.0,158613.0,9119600640.0,49770496.0,10312929280.0,1548783616.0,0.0,0.0,196608.0,21475966976.0,
11.721,3.616,68.953,14.713,0.125,0.873,8495104.0,58081280.0,46076624.0,575889.0,9139175424.0,49848320.0,10381721600.0,1460338688.0,0.0,0.0,196608.0,21475966976.0,
11.875,3.500,69.375,14.500,0.0,0.750,8192.0,811008.0,53517423.0,549656.0,9180930048.0,49917952.0,10446647296.0,1353588736.0,0.0,0.0,196608.0,21475966976.0,
21.125,5.625,59.500,13.0,0.0,0.750,4358144.0,93020160.0,34227134.0,338741.0,9209528320.0,50057216.0,10572177408.0,1199321088.0,0.0,0.0,196608.0,21475966976.0,
27.556,5.860,58.479,7.606,0.125,0.374,16384.0,110444544.0,13415638.0,105265.0,9219547136.0,50233344.0,10735063040.0,1026240512.0,0.0,0.0,196608.0,21475966976.0,
36.454,6.991,49.064,7.116,0.0,0.375,11984896.0,160784384.0,10435065.0,133831.0,9247076352.0,50421760.0,10921824256.0,811761664.0,0.0,0.0,196608.0,21475966976.0,
38.548,5.632,40.801,14.768,0.0,0.250,7839744.0,258998272.0,5271005.0,67553.0,9253531648.0,50581504.0,11056939008.0,670031872.0,0.0,0.0,196608.0,21475966976.0,
21.322,4.115,54.364,19.451,0.0,0.748,19169280.0,234921984.0,8141586.0,55266.0,9270878208.0,50683904.0,11159789568.0,549732352.0,0.0,0.0,196608.0,21475966976.0,
27.375,5.125,55.0,12.125,0.0,0.375,12304384.0,164036608.0,9796655.0,72457.0,9275543552.0,50827264.0,11312402432.0,392310784.0,0.0,0.0,196608.0,21475966976.0,
20.225,4.370,54.182,20.724,0.0,0.499,12820480.0,170319872.0,12950919.0,92261.0,9297231872.0,50933760.0,11420971008.0,261947392.0,0.0,0.0,196608.0,21475966976.0,
27.307,5.611,51.372,15.212,0.125,0.374,9592832.0,176062464.0,11878600.0,84693.0,9258553344.0,51077120.0,11559571456.0,161882112.0,0.0,0.0,196608.0,21475966976.0,
26.717,7.116,46.816,18.851,0.0,0.499,18964480.0,237551616.0,6835511.0,84513.0,9257377792.0,48549888.0,11678322688.0,46833664.0,0.0,0.0,196608.0,21475966976.0,
15.144,3.379,60.576,20.651,0.0,0.250,10977280.0,140656640.0,8680596.0,72035.0,9276166144.0,47960064.0,11660890112.0,46067712.0,0.0,0.0,196608.0,21475966976.0,
47.382,4.863,36.035,11.222,0.0,0.499,17424384.0,178905088.0,7801300.0,88438.0,9297145856.0,48050176.0,11637760000.0,48128000.0,0.0,0.0,196608.0,21475966976.0,
19.975,4.494,61.423,13.233,0.0,0.874,16646144.0,192077824.0,21146125.0,164657.0,9304510464.0,48140288.0,11628797952.0,49635328.0,0.0,0.0,196608.0,21475966976.0,
20.526,4.756,54.568,19.775,0.0,0.375,20127744.0,173965312.0,1098785.0,13500.0,9310220288.0,47702016.0,11627401216.0,45760512.0,0.0,0.0,196608.0,21475966976.0,
12.125,3.625,63.0,20.750,0.0,0.500,21225472.0,191365120.0,965187.0,17751.0,9312739328.0,47734784.0,11625447424.0,45162496.0,0.0,0.0,196608.0,21475966976.0,
12.484,3.620,66.042,17.104,0.0,0.749,29827072.0,197230592.0,3024058.0,23817.0,9336025088.0,45940736.0,11599265792.0,49852416.0,0.0,0.0,196608.0,21475966976.0,
10.112,3.121,61.673,24.345,0.0,0.749,15228928.0,200777728.0,14829071.0,96028.0,9339764736.0,45957120.0,11597971456.0,47390720.0,0.0,0.0,196608.0,21475966976.0,
19.825,5.237,57.357,16.833,0.125,0.623,28917760.0,173506560.0,13586214.0,78540.0,9333760000.0,46059520.0,11604475904.0,46788608.0,0.0,0.0,196608.0,21475966976.0,
19.250,4.875,51.875,23.625,0.0,0.375,15745024.0,111370240.0,5686703.0,54381.0,9333968896.0,46157824.0,11600584704.0,50372608.0,0.0,0.0,196608.0,21475966976.0,
30.500,5.875,33.625,29.500,0.0,0.500,26222592.0,191897600.0,4184385.0,49532.0,9367252992.0,46260224.0,11570864128.0,46706688.0,0.0,0.0,196608.0,21475966976.0,
52.369,5.611,22.444,18.204,0.125,1.247,31195136.0,152748032.0,13328766.0,125910.0,9418006528.0,46321664.0,11517964288.0,48791552.0,0.0,0.0,196608.0,21475966976.0,
14.643,4.506,32.416,47.935,0.0,0.501,27295744.0,189833216.0,10602587.0,111117.0,9430986752.0,46358528.0,11504041984.0,49696768.0,0.0,0.0,196608.0,21475966976.0,
20.449,5.486,34.040,39.027,0.0,0.998,30392320.0,176381952.0,9377919.0,64270.0,9434845184.0,46411776.0,11502858240.0,46968832.0,0.0,0.0,196608.0,21475966976.0,
16.230,4.994,32.335,45.693,0.125,0.624,25468928.0,162766848.0,11093456.0,65430.0,9448140800.0,46456832.0,11486310400.0,50176000.0,0.0,0.0,196608.0,21475966976.0,
14.768,4.756,46.183,33.417,0.0,0.876,36544512.0,205029376.0,17245827.0,102431.0,9433440256.0,46497792.0,11502465024.0,48680960.0,0.0,0.0,196608.0,21475966976.0,
25.935,5.611,32.918,34.539,0.0,0.998,27344896.0,178601984.0,21867833.0,165791.0,9470394368.0,46546944.0,11467894784.0,46247936.0,0.0,0.0,196608.0,21475966976.0,
21.197,4.863,41.521,31.546,0.125,0.748,24895488.0,136896512.0,13987802.0,76343.0,9491152896.0,46637056.0,11447869440.0,45424640.0,0.0,0.0,196608.0,21475966976.0,
28.625,6.250,33.750,30.500,0.125,0.750,34635776.0,151486464.0,19528059.0,160442.0,9514242048.0,46727168.0,11423240192.0,46874624.0,0.0,0.0,196608.0,21475966976.0,
23.375,7.375,31.625,36.625,0.0,1.0,29179904.0,166985728.0,13808318.0,78782.0,9523961856.0,46743552.0,11412357120.0,48021504.0,0.0,0.0,196608.0,21475966976.0,
25.968,5.368,35.081,33.084,0.0,0.499,23330816.0,122445824.0,4311309.0,38635.0,9529389056.0,46870528.0,11405803520.0,49020928.0,0.0,0.0,196608.0,21475966976.0,
38.500,10.625,25.125,24.750,0.125,0.875,43065344.0,275939328.0,4235624.0,31111.0,9552994304.0,47042560.0,11384729600.0,46317568.0,0.0,0.0,196608.0,21475966976.0,
26.841,6.492,15.730,50.312,0.0,0.624,28311552.0,159981568.0,2056481.0,24838.0,9549443072.0,47157248.0,11386114048.0,48369664.0,0.0,0.0,196608.0,21475966976.0,
32.294,8.978,24.688,33.042,0.125,0.873,35684352.0,207192064.0,4028306.0,44981.0,9622917120.0,47312896.0,11312381952.0,48472064.0,0.0,0.0,196608.0,21475966976.0,
19.524,3.880,8.260,67.960,0.0,0.375,19701760.0,92463104.0,2629493.0,23905.0,9637662720.0,47374336.0,11298091008.0,47955968.0,0.0,0.0,196608.0,21475966976.0,
37.828,5.493,22.846,32.959,0.0,0.874,36225024.0,203759616.0,2436725.0,30453.0,9651728384.0,47480832.0,11286216704.0,45658112.0,0.0,0.0,196608.0,21475966976.0,
19.202,4.115,31.546,44.638,0.0,0.499,24043520.0,131383296.0,2227680.0,17367.0,9667682304.0,45940736.0,11271180288.0,46280704.0,0.0,0.0,196608.0,21475966976.0,
44.110,10.902,19.674,24.436,0.0,0.877,68345856.0,195379200.0,2760999.0,22824.0,9692028928.0,46047232.0,11246747648.0,46260224.0,0.0,0.0,196608.0,21475966976.0,
19.327,4.364,21.820,53.741,0.125,0.623,26943488.0,129261568.0,3804925.0,29983.0,9692459008.0,46108672.0,11244335104.0,48181248.0,0.0,0.0,196608.0,21475966976.0,
20.275,5.882,30.788,42.178,0.0,0.876,32890880.0,162521088.0,8274591.0,50424.0,9692930048.0,46190592.0,11245199360.0,46764032.0,0.0,0.0,196608.0,21475966976.0,
19.101,4.869,32.335,42.946,0.0,0.749,28360704.0,171458560.0,4812527.0,34130.0,9700229120.0,46247936.0,11235803136.0,48803840.0,0.0,0.0,196608.0,21475966976.0,
12.968,2.618,19.202,64.963,0.0,0.249,21217280.0,97787904.0,29443.0,10551.0,9701031936.0,46272512.0,11234357248.0,49422336.0,0.0,0.0,196608.0,21475966976.0,
29.375,3.750,17.750,48.500,0.125,0.500,29646848.0,122937344.0,32933.0,13993.0,9718562816.0,46215168.0,11219042304.0,47263744.0,0.0,0.0,196608.0,21475966976.0,
12.875,3.625,30.500,52.375,0.0,0.625,17391616.0,182067200.0,1763.0,4620.0,9724616704.0,46252032.0,11213877248.0,46338048.0,0.0,0.0,196608.0,21475966976.0,
10.959,3.736,27.522,57.285,0.0,0.498,28106752.0,144695296.0,7168646.0,67823.0,9716748288.0,46231552.0,11194159104.0,73945088.0,0.0,0.0,196608.0,21475966976.0,
10.0,2.750,40.125,46.625,0.0,0.500,21864448.0,119209984.0,6573924.0,65228.0,9717248000.0,46268416.0,11218235392.0,49332224.0,0.0,0.0,196608.0,21475966976.0,
4.120,1.498,60.799,33.208,0.0,0.375,20602880.0,112713728.0,8414836.0,69758.0,9711357952.0,46280704.0,11226832896.0,46612480.0,0.0,0.0,196608.0,21475966976.0,
13.500,3.625,56.250,25.875,0.125,0.625,19095552.0,177291264.0,4531009.0,42915.0,9710366720.0,46317568.0,11229040640.0,45359104.0,0.0,0.0,196608.0,21475966976.0,
14.981,4.744,47.441,32.210,0.0,0.624,33898496.0,168443904.0,8097376.0,75993.0,9715572736.0,46374912.0,11223121920.0,46014464.0,0.0,0.0,196608.0,21475966976.0,
14.357,3.870,47.191,34.207,0.0,0.375,29204480.0,146358272.0,3316712.0,39302.0,9711079424.0,46411776.0,11226099712.0,47493120.0,0.0,0.0,196608.0,21475966976.0,
21.473,6.367,45.069,26.342,0.125,0.624,57630720.0,154869760.0,9989813.0,85245.0,9712586752.0,46510080.0,11226877952.0,45109248.0,0.0,0.0,196608.0,21475966976.0,
51.311,14.607,7.990,24.220,0.125,1.748,92585984.0,211607552.0,18644670.0,181281.0,8913879040.0,46653440.0,11221929984.0,848621568.0,0.0,0.0,196608.0,21475966976.0,
32.210,7.740,7.865,51.186,0.0,0.999,40296448.0,247472128.0,6935234.0,81436.0,8927678464.0,46784512.0,11362922496.0,693698560.0,0.0,0.0,196608.0,21475966976.0,
23.500,6.0,12.125,57.375,0.125,0.875,38789120.0,155222016.0,7466465.0,68671.0,8925523968.0,46882816.0,11478536192.0,580141056.0,0.0,0.0,196608.0,21475966976.0,
19.303,4.732,20.050,55.417,0.0,0.498,19456000.0,77824000.0,17700161.0,170791.0,8932753408.0,46968832.0,11571556352.0,479805440.0,0.0,0.0,196608.0,21475966976.0,
17.375,4.0,13.750,64.500,0.0,0.375,13451264.0,85778432.0,16617768.0,144079.0,8949735424.0,47071232.0,11659649024.0,374628352.0,0.0,0.0,196608.0,21475966976.0,
36.829,8.365,13.608,40.325,0.0,0.874,92372992.0,150773760.0,4046742.0,36027.0,8965165056.0,47194112.0,11826130944.0,192593920.0,0.0,0.0,196608.0,21475966976.0,
38.951,9.238,23.596,27.341,0.125,0.749,74514432.0,156934144.0,4899.0,20541.0,8979410944.0,47357952.0,11959398400.0,44916736.0,0.0,0.0,196608.0,21475966976.0,
17.478,5.868,23.596,52.434,0.0,0.624,37289984.0,239951872.0,2440.0,3899.0,8981893120.0,47390720.0,11953684480.0,48115712.0,0.0,0.0,196608.0,21475966976.0,
15.625,3.375,27.500,53.375,0.0,0.125,16826368.0,129064960.0,2244.0,4961.0,8979496960.0,47460352.0,11953762304.0,50364416.0,0.0,0.0,196608.0,21475966976.0,
11.111,2.747,34.956,50.687,0.0,0.499,22749184.0,144064512.0,2143.0,8107.0,8977645568.0,47509504.0,11959013376.0,46915584.0,0.0,0.0,196608.0,21475966976.0,
20.150,5.006,34.543,39.925,0.0,0.375,23027712.0,146038784.0,3086.0,4039.0,8973209600.0,47595520.0,11963899904.0,46379008.0,0.0,0.0,196608.0,21475966976.0,
15.481,3.870,36.454,43.820,0.0,0.375,13828096.0,90218496.0,1446.0,5102.0,8964489216.0,47661056.0,11969892352.0,49041408.0,0.0,0.0,196608.0,21475966976.0,
10.834,2.864,22.291,63.512,0.125,0.374,23945216.0,122175488.0,1783442.0,19914.0,8959352832.0,47681536.0,11976691712.0,47357952.0,0.0,0.0,196608.0,21475966976.0,
12.951,4.110,35.118,47.198,0.0,0.623,29417472.0,111329280.0,17520399.0,147491.0,8958423040.0,47722496.0,11976605696.0,48332800.0,0.0,0.0,196608.0,21475966976.0,
15.125,4.0,37.875,42.625,0.0,0.375,14655488.0,104882176.0,6292438.0,58447.0,8975769600.0,45817856.0,11963011072.0,46485504.0,0.0,0.0,196608.0,21475966976.0,
16.375,3.750,48.500,30.875,0.0,0.500,27721728.0,127016960.0,9072889.0,80684.0,8973746176.0,45891584.0,11965788160.0,45658112.0,0.0,0.0,196608.0,21475966976.0,
39.201,4.869,35.955,19.351,0.0,0.624,22134784.0,117161984.0,10405928.0,121493.0,9023946752.0,32239616.0,11928248320.0,46649344.0,0.0,0.0,196608.0,21475966976.0,
21.099,4.994,39.076,34.082,0.125,0.624,24281088.0,155820032.0,17151744.0,213057.0,9025597440.0,24612864.0,11930857472.0,50016256.0,0.0,0.0,196608.0,21475966976.0,
12.0,2.875,36.375,48.375,0.0,0.375,27262976.0,105652224.0,678016.0,17019.0,9028534272.0,24383488.0,11932835840.0,45330432.0,0.0,0.0,196608.0,21475966976.0,
5.625,1.125,40.375,52.750,0.0,0.125,23814144.0,63209472.0,1860.0,4598.0,9020211200.0,24408064.0,11937767424.0,48697344.0,0.0,0.0,196608.0,21475966976.0,
40.200,5.743,16.729,36.454,0.125,0.749,40476672.0,126754816.0,25234.0,23343.0,9044021248.0,24371200.0,11917045760.0,45645824.0,0.0,0.0,196608.0,21475966976.0,
14.107,3.371,30.961,51.186,0.0,0.375,24166400.0,153174016.0,2113.0,6757.0,9036468224.0,24408064.0,11924008960.0,46198784.0,0.0,0.0,196608.0,21475966976.0,
12.734,3.371,39.950,43.571,0.0,0.375,21422080.0,110182400.0,3117.0,3473.0,9030230016.0,24436736.0,11927150592.0,49266688.0,0.0,0.0,196608.0,21475966976.0,
10.612,3.246,35.081,50.687,0.0,0.375,29327360.0,152674304.0,3689.0,3997.0,9033719808.0,24387584.0,11924180992.0,48795648.0,0.0,0.0,196608.0,21475966976.0,
19.725,3.870,30.712,45.443,0.0,0.250,21356544.0,98738176.0,1251.0,5517.0,9043587072.0,24395776.0,11915599872.0,47501312.0,0.0,0.0,196608.0,21475966976.0,
17.728,3.745,43.695,34.582,0.0,0.250,27738112.0,89612288.0,593.0,2621.0,9045491712.0,24408064.0,11912253440.0,48930816.0,0.0,0.0,196608.0,21475966976.0,
7.625,2.500,46.875,42.500,0.0,0.500,23101440.0,139870208.0,18801.0,5059.0,9046118400.0,24412160.0,11914473472.0,46080000.0,0.0,0.0,196608.0,21475966976.0,
10.336,3.238,54.795,31.258,0.125,0.249,28811264.0,107282432.0,1107.0,7471.0,9034309632.0,24412160.0,11925676032.0,46686208.0,0.0,0.0,196608.0,21475966976.0,
20.401,4.881,41.176,33.166,0.0,0.375,27729920.0,126124032.0,5040.0,11789.0,9036091392.0,24420352.0,11924545536.0,46026752.0,0.0,0.0,196608.0,21475966976.0,
11.375,2.625,36.125,49.750,0.0,0.125,28401664.0,75481088.0,2312.0,9859.0,9032486912.0,24432640.0,11924426752.0,49737728.0,0.0,0.0,196608.0,21475966976.0,
11.625,3.250,39.875,44.875,0.0,0.375,23650304.0,158613504.0,4625.0,7142.0,9031823360.0,24449024.0,11925463040.0,49348608.0,0.0,0.0,196608.0,21475966976.0,
15.087,3.616,50.623,30.299,0.0,0.374,24010752.0,88891392.0,1075.0,3373.0,9031544832.0,24485888.0,11927465984.0,47587328.0,0.0,0.0,196608.0,21475966976.0,
15.375,3.250,39.875,41.125,0.125,0.250,20332544.0,113049600.0,2397.0,3927.0,9039249408.0,24469504.0,11917127680.0,50237440.0,0.0,0.0,196608.0,21475966976.0,
5.985,1.870,33.042,58.853,0.0,0.249,27025408.0,133906432.0,2049.0,3649.0,9037262848.0,24477696.0,11923132416.0,46211072.0,0.0,0.0,196608.0,21475966976.0,
9.363,1.998,57.303,30.961,0.0,0.375,18612224.0,104472576.0,2277.0,4638.0,9036034048.0,24522752.0,11921190912.0,49336320.0,0.0,0.0,196608.0,21475966976.0,
15.855,4.120,52.310,27.466,0.0,0.250,29679616.0,104742912.0,2733.0,2989.0,9023586304.0,24604672.0,11937390592.0,45502464.0,0.0,0.0,196608.0,21475966976.0,
14.875,4.125,35.0,45.625,0.0,0.375,32841728.0,101687296.0,4972.0,19855.0,9032818688.0,24604672.0,11928006656.0,45654016.0,0.0,0.0,196608.0,21475966976.0,
5.985,1.746,37.406,54.364,0.125,0.374,23838720.0,92160000.0,3487.0,3624.0,9038274560.0,24551424.0,11920879616.0,47378432.0,0.0,0.0,196608.0,21475966976.0,
9.863,2.996,40.200,46.567,0.0,0.375,16408576.0,153124864.0,1935.0,9299.0,9045499904.0,24420352.0,11911626752.0,49537024.0,0.0,0.0,196608.0,21475966976.0,
4.120,1.124,36.704,57.928,0.0,0.125,29900800.0,97116160.0,1015.0,4593.0,9038569472.0,24440832.0,11919818752.0,48254976.0,0.0,0.0,196608.0,21475966976.0,
6.500,1.500,36.250,55.375,0.0,0.375,16785408.0,129679360.0,1193.0,4764.0,9034452992.0,24453120.0,11926278144.0,45899776.0,0.0,0.0,196608.0,21475966976.0,
4.0,1.0,29.375,65.375,0.0,0.250,27836416.0,98803712.0,877.0,2925.0,9030172672.0,24444928.0,11926896640.0,49569792.0,0.0,0.0,196608.0,21475966976.0,
6.117,1.748,34.956,56.929,0.0,0.250,18939904.0,106127360.0,3357.0,4331.0,9039212544.0,24322048.0,11917852672.0,49696768.0,0.0,0.0,196608.0,21475966976.0,
6.492,1.873,36.205,55.056,0.0,0.375,15622144.0,107585536.0,3405.0,5182.0,9039110144.0,24309760.0,11922345984.0,45318144.0,0.0,0.0,196608.0,21475966976.0,
25.718,2.247,33.333,38.452,0.0,0.250,23027712.0,67715072.0,6982.0,12915.0,9045221376.0,24285184.0,11912306688.0,49270784.0,0.0,0.0,196608.0,21475966976.0,
2.875,0.750,48.250,48.0,0.0,0.125,29532160.0,59809792.0,833.0,3585.0,9039081472.0,24322048.0,11920355328.0,47325184.0,0.0,0.0,196608.0,21475966976.0,
10.750,2.250,47.375,39.125,0.0,0.500,29392896.0,106627072.0,1485.0,4708.0,9034067968.0,24350720.0,11927003136.0,45662208.0,0.0,0.0,196608.0,21475966976.0,
29.963,7.116,28.964,33.084,0.125,0.749,91062272.0,140492800.0,6976.0,9499.0,9043705856.0,24408064.0,11915591680.0,47378432.0,0.0,0.0,196608.0,21475966976.0,
19.579,6.072,29.492,44.114,0.124,0.620,96583680.0,132669440.0,3293.0,4189.0,9039032320.0,24436736.0,11917266944.0,50348032.0,0.0,0.0,196608.0,21475966976.0,
15.250,3.750,38.0,42.250,0.0,0.750,58859520.0,113893376.0,2913.0,9425.0,9039015936.0,24469504.0,11918049280.0,49549312.0,0.0,0.0,196608.0,21475966976.0,
12.204,3.238,46.077,37.983,0.125,0.374,65265664.0,77266944.0,1084.0,3797.0,9034862592.0,24502272.0,11922571264.0,49147904.0,0.0,0.0,196608.0,21475966976.0,
19.250,4.875,40.750,34.500,0.0,0.625,90718208.0,119554048.0,5400.0,10459.0,9037139968.0,24530944.0,11924484096.0,44929024.0,0.0,0.0,196608.0,21475966976.0,
19.125,5.375,44.250,30.250,0.125,0.875,95920128.0,117645312.0,1897.0,4267.0,9037754368.0,24571904.0,11921137664.0,47620096.0,0.0,0.0,196608.0,21475966976.0,
19.226,5.618,44.819,29.338,0.0,0.999,83451904.0,130727936.0,3205.0,4437.0,9033719808.0,24621056.0,11925794816.0,46948352.0,0.0,0.0,196608.0,21475966976.0,
22.500,6.375,35.375,34.875,0.125,0.750,73056256.0,124985344.0,2991.0,4687.0,9035526144.0,24637440.0,11919257600.0,51662848.0,0.0,0.0,196608.0,21475966976.0,
18.703,4.988,40.773,34.788,0.125,0.623,73269248.0,118398976.0,3820.0,10416.0,9058430976.0,24498176.0,11901927424.0,46227456.0,0.0,0.0,196608.0,21475966976.0,
21.151,5.882,43.304,28.911,0.0,0.751,107397120.0,145367040.0,5984.0,11221.0,9045901312.0,24576000.0,11914891264.0,45715456.0,0.0,0.0,196608.0,21475966976.0,
20.324,5.237,41.397,32.419,0.125,0.499,82935808.0,127098880.0,1577.0,6751.0,9050509312.0,24608768.0,11906027520.0,49938432.0,0.0,0.0,196608.0,21475966976.0,
20.375,6.125,35.750,37.125,0.0,0.625,96755712.0,129277952.0,3755.0,7574.0,9057013760.0,24641536.0,11896492032.0,52936704.0,0.0,0.0,196608.0,21475966976.0,
13.125,3.750,12.625,70.125,0.0,0.375,55083008.0,99385344.0,1157.0,4437.0,9056100352.0,24686592.0,11904970752.0,45326336.0,0.0,0.0,196608.0,21475966976.0,
3.491,0.998,15.337,80.050,0.0,0.125,18554880.0,14974976.0,1993.0,5571.0,9053995008.0,24694784.0,11903541248.0,48852992.0,0.0,0.0,196608.0,21475966976.0,
11.640,3.254,28.536,56.195,0.0,0.375,52396032.0,86720512.0,1449.0,4547.0,9056710656.0,24698880.0,11904438272.0,45236224.0,0.0,0.0,196608.0,21475966976.0,
16.479,3.371,36.454,43.321,0.0,0.375,77012992.0,74645504.0,2796.0,8271.0,9056112640.0,24748032.0,11900305408.0,49917952.0,0.0,0.0,196608.0,21475966976.0,
18.227,4.994,47.441,28.589,0.125,0.624,96739328.0,116916224.0,2653.0,4267.0,9054035968.0,24666112.0,11903172608.0,49209344.0,0.0,0.0,196608.0,21475966976.0,
13.625,3.625,46.500,35.625,0.0,0.625,56229888.0,89972736.0,3860.0,12284.0,9057284096.0,24657920.0,11903262720.0,45879296.0,0.0,0.0,196608.0,21475966976.0,
6.242,2.122,43.446,47.815,0.0,0.375,16728064.0,43827200.0,1285.0,4437.0,9062473728.0,24674304.0,11893719040.0,50216960.0,0.0,0.0,196608.0,21475966976.0,
3.125,0.625,49.0,47.250,0.0,0.0,18464768.0,2424832.0,1123.0,4407.0,9061666816.0,24670208.0,11899011072.0,45735936.0,0.0,0.0,196608.0,21475966976.0,
12.951,3.736,41.345,41.345,0.125,0.498,60743680.0,83402752.0,1921.0,6611.0,9058390016.0,24641536.0,11898798080.0,49254400.0,0.0,0.0,196608.0,21475966976.0,
18.023,5.382,43.805,32.165,0.0,0.626,84516864.0,132055040.0,995.0,4003.0,9063350272.0,24625152.0,11891843072.0,51265536.0,0.0,0.0,196608.0,21475966976.0,
10.959,3.113,58.157,27.273,0.125,0.374,52830208.0,71188480.0,2333.0,4267.0,9058910208.0,24633344.0,11898748928.0,48791552.0,0.0,0.0,196608.0,21475966976.0,
4.625,1.250,62.500,31.500,0.0,0.125,19398656.0,27181056.0,2007.0,4547.0,9062006784.0,24645632.0,11895848960.0,48582656.0,0.0,0.0,196608.0,21475966976.0,
4.625,1.250,53.875,40.125,0.0,0.125,20856832.0,22560768.0,1005.0,3793.0,9065467904.0,24637440.0,11890962432.0,50016256.0,0.0,0.0,196608.0,21475966976.0,
5.112,1.247,48.130,45.387,0.0,0.125,20226048.0,32301056.0,3027.0,4477.0,9065492480.0,24653824.0,11893133312.0,47804416.0,0.0,0.0,196608.0,21475966976.0,
10.763,3.755,47.685,37.422,0.0,0.375,69902336.0,64618496.0,1245.0,4267.0,9066536960.0,24649728.0,11891441664.0,48455680.0,0.0,0.0,196608.0,21475966976.0,
9.488,3.121,46.816,40.200,0.0,0.375,47366144.0,76881920.0,9953.0,19122.0,9060192256.0,24449024.0,11899494400.0,46948352.0,0.0,0.0,196608.0,21475966976.0,
3.625,1.500,48.625,46.125,0.0,0.125,16113664.0,12050432.0,2253.0,5205.0,9064304640.0,24457216.0,11893850112.0,48472064.0,0.0,0.0,196608.0,21475966976.0,
5.112,1.496,48.254,44.888,0.0,0.249,19709952.0,37208064.0,2269.0,4267.0,9065988096.0,24465408.0,11891666944.0,48963584.0,0.0,0.0,196608.0,21475966976.0,
8.135,1.877,53.191,36.546,0.0,0.250,43843584.0,44032000.0,2803.0,5269.0,9061359616.0,24416256.0,11897290752.0,48017408.0,0.0,0.0,196608.0,21475966976.0,
17.603,4.370,44.195,33.208,0.125,0.499,94019584.0,95461376.0,1293.0,5205.0,9058594816.0,24363008.0,11902652416.0,45473792.0,0.0,0.0,196608.0,21475966976.0,
13.233,4.370,29.463,52.310,0.0,0.624,52232192.0,94978048.0,2789.0,4664.0,9063718912.0,24383488.0,11896606720.0,46374912.0,0.0,0.0,196608.0,21475966976.0,
5.368,1.248,36.579,56.679,0.0,0.125,19488768.0,26075136.0,1452.0,3792.0,9061195776.0,24371200.0,11895095296.0,50421760.0,0.0,0.0,196608.0,21475966976.0,
11.875,3.125,35.250,49.375,0.0,0.375,62570496.0,56729600.0,2221.0,6614.0,9060802560.0,24412160.0,11895902208.0,49967104.0,0.0,0.0,196608.0,21475966976.0,
16.854,4.744,31.086,46.692,0.125,0.499,89554944.0,128081920.0,2320.0,10412.0,9065766912.0,24457216.0,11891539968.0,49319936.0,0.0,0.0,196608.0,21475966976.0,
18.0,6.0,35.250,40.125,0.0,0.625,101351424.0,127107072.0,2850.0,6437.0,9061801984.0,24465408.0,11896635392.0,48181248.0,0.0,0.0,196608.0,21475966976.0,
13.325,3.487,32.005,50.560,0.125,0.498,52961280.0,89980928.0,3826.0,9554.0,9059151872.0,24518656.0,11900276736.0,47136768.0,0.0,0.0,196608.0,21475966976.0,
4.625,1.125,44.875,49.125,0.0,0.250,25260032.0,28983296.0,2333.0,4267.0,9062825984.0,24539136.0,11895971840.0,47747072.0,0.0,0.0,196608.0,21475966976.0,
5.375,1.375,36.500,56.500,0.0,0.250,20164608.0,26927104.0,917.0,3499.0,9057898496.0,24559616.0,11903156224.0,45469696.0,0.0,0.0,196608.0,21475966976.0,
9.988,2.747,44.444,42.447,0.0,0.375,58974208.0,61218816.0,1235.0,7549.0,9061523456.0,24596480.0,11899846656.0,45117440.0,0.0,0.0,196608.0,21475966976.0,
19.850,5.743,30.087,43.571,0.125,0.624,101023744.0,121225216.0,2196.0,8722.0,9062010880.0,24666112.0,11897585664.0,46821376.0,0.0,0.0,196608.0,21475966976.0,
7.875,2.375,49.0,40.375,0.0,0.375,50085888.0,68927488.0,2602.0,9319.0,9052823552.0,24690688.0,11906326528.0,47243264.0,0.0,0.0,196608.0,21475966976.0,
9.238,2.622,48.315,39.576,0.0,0.250,63700992.0,48553984.0,3828.0,6299.0,9050775552.0,24649728.0,11904987136.0,50671616.0,0.0,0.0,196608.0,21475966976.0,
14.143,4.380,47.685,33.292,0.0,0.501,72691712.0,101761024.0,1395.0,3853.0,9053773824.0,24563712.0,11905126400.0,47620096.0,0.0,0.0,196608.0,21475966976.0,
15.835,4.738,44.389,34.289,0.125,0.623,99250176.0,104628224.0,2512.0,5840.0,9048375296.0,24236032.0,11911155712.0,47316992.0,0.0,0.0,196608.0,21475966976.0,
14.981,4.370,45.194,34.831,0.0,0.624,96755712.0,90963968.0,3467.0,10357.0,9050624000.0,24010752.0,11908943872.0,47505408.0,0.0,0.0,196608.0,21475966976.0,
20.974,5.743,41.074,31.336,0.125,0.749,114434048.0,106995712.0,1053.0,3399.0,9046380544.0,23810048.0,11912351744.0,48541696.0,0.0,0.0,196608.0,21475966976.0,
17.250,4.375,44.500,33.500,0.0,0.375,107053056.0,66822144.0,2885.0,4437.0,9044787200.0,23425024.0,11917271040.0,45600768.0,0.0,0.0,196608.0,21475966976.0,
16.479,4.494,43.571,34.831,0.0,0.624,97189888.0,42352640.0,2141.0,4267.0,9041936384.0,23093248.0,11916251136.0,49803264.0,0.0,0.0,196608.0,21475966976.0,
24.500,6.875,45.500,22.375,0.0,0.750,89751552.0,93011968.0,3009.0,6611.0,9059205120.0,22532096.0,11904520192.0,44826624.0,0.0,0.0,196608.0,21475966976.0,
18.204,5.112,46.633,29.426,0.125,0.499,116555776.0,49307648.0,5048.0,6414.0,9052135424.0,22327296.0,11908321280.0,48300032.0,0.0,0.0,196608.0,21475966976.0,
14.625,4.250,47.125,33.375,0.0,0.625,96960512.0,199933952.0,2815.0,5991.0,9052139520.0,21876736.0,11907182592.0,49885184.0,0.0,0.0,196608.0,21475966976.0,
19.375,6.500,10.0,63.375,0.0,0.750,127557632.0,111034368.0,5954.0,13918.0,9043521536.0,21217280.0,11915001856.0,51343360.0,0.0,0.0,196608.0,21475966976.0,
16.334,4.988,27.805,50.249,0.125,0.499,103628800.0,49004544.0,1029.0,4437.0,9045565440.0,21012480.0,11917680640.0,46825472.0,0.0,0.0,196608.0,21475966976.0,
23.375,6.750,29.375,39.875,0.0,0.625,107692032.0,60309504.0,2616.0,10089.0,9045254144.0,20807680.0,11915304960.0,49717248.0,0.0,0.0,196608.0,21475966976.0,
17.875,4.375,35.500,41.875,0.0,0.375,112402432.0,73080832.0,1053.0,4267.0,9040879616.0,20848640.0,11918876672.0,50479104.0,0.0,0.0,196608.0,21475966976.0,
16.729,3.995,24.345,54.432,0.0,0.499,110960640.0,218955776.0,2494.0,10859.0,9029455872.0,20881408.0,11930574848.0,50171904.0,0.0,0.0,196608.0,21475966976.0,
24.439,7.107,27.556,39.900,0.125,0.873,130260992.0,198926336.0,5196.0,8328.0,9040101376.0,20938752.0,11922808832.0,47235072.0,0.0,0.0,196608.0,21475966976.0,
19.674,6.140,27.318,46.366,0.0,0.501,116269056.0,57876480.0,6313.0,16702.0,9032798208.0,20959232.0,11927511040.0,49815552.0,0.0,0.0,196608.0,21475966976.0,
16.085,4.239,47.631,31.546,0.0,0.499,106012672.0,24166400.0,1483.0,6781.0,9021952000.0,20746240.0,11940618240.0,47767552.0,0.0,0.0,196608.0,21475966976.0,
25.532,7.885,37.297,28.786,0.0,0.501,132030464.0,57794560.0,2408.0,10372.0,9022402560.0,20303872.0,11938594816.0,49782784.0,0.0,0.0,196608.0,21475966976.0,
7.980,1.621,37.032,52.868,0.125,0.374,108765184.0,203202560.0,1655.0,4453.0,9015185408.0,20262912.0,11948400640.0,47235072.0,0.0,0.0,196608.0,21475966976.0,
22.904,7.009,28.536,40.676,0.0,0.876,121061376.0,196222976.0,3025.0,11691.0,9008078848.0,19689472.0,11951792128.0,51523584.0,0.0,0.0,196608.0,21475966976.0,
20.974,7.990,19.600,50.187,0.125,1.124,136413184.0,181903360.0,4319.0,13748.0,9011118080.0,19341312.0,11952226304.0,48398336.0,0.0,0.0,196608.0,21475966976.0,
18.204,5.362,17.207,58.728,0.0,0.499,107405312.0,25198592.0,2138.0,9913.0,9019764736.0,19337216.0,11943059456.0,48922624.0,0.0,0.0,196608.0,21475966976.0,
20.0,3.875,22.750,53.0,0.0,0.375,120504320.0,56213504.0,2139.0,4693.0,9010290688.0,19300352.0,11953885184.0,47607808.0,0.0,0.0,196608.0,21475966976.0,
13.983,3.496,18.227,63.670,0.125,0.499,127041536.0,239435776.0,3531.0,9395.0,9004617728.0,19296256.0,11959963648.0,47206400.0,0.0,0.0,196608.0,21475966976.0,
25.094,8.240,17.978,47.940,0.0,0.749,111312896.0,206045184.0,2699.0,11473.0,9020133376.0,19419136.0,11945418752.0,46112768.0,0.0,0.0,196608.0,21475966976.0,
19.226,6.117,15.231,58.677,0.125,0.624,132546560.0,76857344.0,3361.0,8855.0,9011798016.0,19496960.0,11952656384.0,47132672.0,0.0,0.0,196608.0,21475966976.0,
15.980,4.744,19.351,59.551,0.0,0.375,111280128.0,1196032.0,3512.0,11764.0,9008857088.0,19566592.0,11955752960.0,46907392.0,0.0,0.0,196608.0,21475966976.0,
21.875,6.375,26.500,44.750,0.0,0.500,130244608.0,25239552.0,4937.0,6921.0,9014169600.0,19673088.0,11951251456.0,45989888.0,0.0,0.0,196608.0,21475966976.0,
11.111,2.871,28.714,56.804,0.125,0.375,124452864.0,211697664.0,5308.0,14817.0,8998957056.0,19701760.0,11962511360.0,49913856.0,0.0,0.0,196608.0,21475966976.0,
18.727,5.743,19.226,55.431,0.0,0.874,139911168.0,195633152.0,2545.0,10845.0,9005535232.0,19779584.0,11961106432.0,44662784.0,0.0,0.0,196608.0,21475966976.0,
25.843,8.614,16.979,47.441,0.125,0.999,132300800.0,212959232.0,5019.0,10672.0,9020686336.0,19939328.0,11941322752.0,49135616.0,0.0,0.0,196608.0,21475966976.0,
17.375,6.500,24.0,51.625,0.0,0.500,127172608.0,73728000.0,2794.0,13371.0,9008558080.0,20029440.0,11954282496.0,48214016.0,0.0,0.0,196608.0,21475966976.0,
18.227,5.119,40.949,35.081,0.125,0.499,133758976.0,48537600.0,2808.0,11088.0,9010745344.0,20070400.0,11950727168.0,49541120.0,0.0,0.0,196608.0,21475966976.0,
11.471,2.244,13.716,72.070,0.0,0.499,137330688.0,199335936.0,997.0,4514.0,8996319232.0,20041728.0,11969376256.0,45346816.0,0.0,0.0,196608.0,21475966976.0,
30.337,10.237,10.612,47.441,0.125,1.248,110837760.0,248012800.0,2527.0,10527.0,9036681216.0,19951616.0,11923668992.0,50782208.0,0.0,0.0,196608.0,21475966976.0,
18.273,6.758,12.140,62.203,0.0,0.626,128794624.0,131063808.0,5686.0,16245.0,9032134656.0,19812352.0,11928649728.0,50487296.0,0.0,0.0,196608.0,21475966976.0,
16.584,4.613,27.182,51.122,0.0,0.499,121159680.0,10584064.0,4039.0,6751.0,9025888256.0,19845120.0,11935367168.0,49983488.0,0.0,0.0,196608.0,21475966976.0,
20.250,6.125,24.125,49.0,0.125,0.375,140066816.0,17022976.0,1029.0,4437.0,9029820416.0,19849216.0,11933548544.0,47865856.0,0.0,0.0,196608.0,21475966976.0,
9.114,1.748,22.722,65.918,0.0,0.499,137363456.0,204611584.0,1909.0,8431.0,9003687936.0,19812352.0,11959177216.0,48406528.0,0.0,0.0,196608.0,21475966976.0,
13.0,4.625,39.625,42.125,0.0,0.625,90570752.0,220725248.0,1471.0,8447.0,9013301248.0,19779584.0,11949973504.0,48029696.0,0.0,0.0,196608.0,21475966976.0,
28.625,9.875,19.625,40.875,0.0,1.0,114130944.0,233652224.0,3768.0,17474.0,9034555392.0,19464192.0,11926978560.0,50085888.0,0.0,0.0,196608.0,21475966976.0,
16.812,6.102,18.804,57.659,0.125,0.498,132890624.0,19619840.0,3363.0,4477.0,9050238976.0,19496960.0,11913879552.0,47468544.0,0.0,0.0,196608.0,21475966976.0,
11.985,3.745,37.578,46.317,0.0,0.375,112254976.0,11763712.0,1251.0,4407.0,9035804672.0,19533824.0,11927416832.0,48328704.0,0.0,0.0,196608.0,21475966976.0,
12.015,2.753,30.788,53.942,0.0,0.501,131563520.0,187785216.0,3388.0,9495.0,9028833280.0,19554304.0,11937681408.0,45015040.0,0.0,0.0,196608.0,21475966976.0,
15.231,5.368,54.557,23.970,0.125,0.749,115302400.0,207495168.0,3357.0,4267.0,9046126592.0,19562496.0,11915976704.0,49418240.0,0.0,0.0,196608.0,21475966976.0,
30.462,9.863,19.600,39.326,0.0,0.749,111493120.0,140107776.0,2789.0,23457.0,8343953408.0,19333120.0,11925266432.0,742531072.0,0.0,0.0,196608.0,21475966976.0,
10.875,3.125,25.875,59.875,0.0,0.250,90783744.0,1712128.0,8134.0,14059.0,8332898304.0,19410944.0,12014137344.0,664637440.0,0.0,0.0,196608.0,21475966976.0,
13.716,3.367,19.202,63.217,0.0,0.499,108838912.0,21037056.0,5140.0,11352.0,8341999616.0,19509248.0,12101758976.0,567816192.0,0.0,0.0,196608.0,21475966976.0,
9.762,1.877,29.912,58.073,0.0,0.375,105136128.0,228409344.0,2495.0,7211.0,8324497408.0,19546112.0,12167012352.0,520028160.0,0.0,0.0,196608.0,21475966976.0,
9.352,3.117,49.127,37.656,0.125,0.623,99860480.0,186015744.0,4484.0,5304.0,8332656640.0,19607552.0,12233441280.0,445378560.0,0.0,0.0,196608.0,21475966976.0,
29.213,10.362,21.848,37.578,0.0,0.999,96755712.0,148176896.0,4829.0,18446.0,8377409536.0,19845120.0,12432392192.0,201437184.0,0.0,0.0,196608.0,21475966976.0,
12.594,3.741,26.683,56.484,0.0,0.499,141557760.0,19480576.0,6067.0,20723.0,8348426240.0,19947520.0,12551729152.0,110981120.0,0.0,0.0,196608.0,21475966976.0,
24.500,6.625,17.250,50.875,0.125,0.625,131702784.0,63471616.0,2900.0,10775.0,8383320064.0,19943424.0,12581924864.0,45895680.0,0.0,0.0,196608.0,21475966976.0,
10.362,1.748,30.712,56.679,0.125,0.375,134766592.0,224796672.0,1667.0,5521.0,8352100352.0,19951616.0,12612603904.0,46428160.0,0.0,0.0,196608.0,21475966976.0,
16.500,5.0,45.625,32.250,0.0,0.625,91136000.0,211804160.0,2418.0,10620.0,8352325632.0,19955712.0,12610486272.0,48316416.0,0.0,0.0,196608.0,21475966976.0,
34.082,11.735,6.991,46.067,0.0,1.124,156475392.0,110084096.0,3719.0,27505.0,8360898560.0,20090880.0,12604981248.0,45113344.0,0.0,0.0,196608.0,21475966976.0,
22.125,6.125,10.750,60.500,0.0,0.500,142565376.0,13721600.0,2665.0,6751.0,8372842496.0,20144128.0,12587376640.0,50720768.0,0.0,0.0,196608.0,21475966976.0,
21.099,6.742,16.729,54.806,0.125,0.499,142860288.0,30908416.0,2077.0,4267.0,8366292992.0,20205568.0,12594909184.0,49676288.0,0.0,0.0,196608.0,21475966976.0,
8.715,2.261,22.670,65.858,0.0,0.496,197410816.0,496001024.0,3114.0,15145.0,8369717248.0,20070400.0,12591529984.0,49766400.0,0.0,0.0,196608.0,21475966976.0,
35.625,11.500,4.875,46.750,0.0,1.250,131883008.0,227540992.0,2293.0,11565.0,8388591616.0,20180992.0,12574101504.0,48209920.0,0.0,0.0,196608.0,21475966976.0,
21.348,5.493,19.101,53.558,0.125,0.375,140271616.0,3104768.0,1187.0,4003.0,8377675776.0,20238336.0,12587212800.0,45957120.0,0.0,0.0,196608.0,21475966976.0,
19.375,4.625,17.0,58.375,0.0,0.625,137773056.0,69033984.0,2467.0,4407.0,8373764096.0,20275200.0,12588728320.0,48316416.0,0.0,0.0,196608.0,21475966976.0,
12.594,3.367,26.434,56.858,0.125,0.623,125173760.0,207159296.0,1791.0,7895.0,8368234496.0,20307968.0,12597690368.0,44851200.0,0.0,0.0,196608.0,21475966976.0,
17.625,4.875,46.0,30.625,0.0,0.875,120250368.0,246104064.0,2023.0,12119.0,8357408768.0,20377600.0,12604186624.0,49111040.0,0.0,0.0,196608.0,21475966976.0,
35.625,12.875,10.625,39.750,0.0,1.125,140091392.0,132407296.0,8904.0,32909.0,8389771264.0,20414464.0,12574621696.0,46276608.0,0.0,0.0,196608.0,21475966976.0,
15.087,4.364,29.800,50.125,0.125,0.499,141975552.0,18030592.0,5923.0,17213.0,8373321728.0,20242432.0,12589404160.0,48115712.0,0.0,0.0,196608.0,21475966976.0,
20.875,5.125,17.0,56.625,0.0,0.375,153255936.0,105381888.0,3802.0,9758.0,8385695744.0,20336640.0,12579622912.0,45428736.0,0.0,0.0,196608.0,21475966976.0,
14.107,3.620,28.964,52.684,0.0,0.624,111714304.0,205684736.0,3007.0,8283.0,8375562240.0,20385792.0,12586295296.0,48840704.0,0.0,0.0,196608.0,21475966976.0,
24.531,8.886,12.641,52.816,0.125,1.001,114991104.0,302391296.0,2013.0,4267.0,8409190400.0,20582400.0,12556533760.0,44777472.0,0.0,0.0,196608.0,21475966976.0,
20.200,7.481,32.544,38.903,0.0,0.873,142311424.0,97935360.0,3303.0,13157.0,8391487488.0,20742144.0,12573827072.0,45027328.0,0.0,0.0,196608.0,21475966976.0,
19.850,6.492,34.332,38.577,0.125,0.624,122707968.0,3080192.0,2608.0,8084.0,8387088384.0,20881408.0,12576276480.0,46837760.0,0.0,0.0,196608.0,21475966976.0,
17.500,4.500,24.250,53.375,0.0,0.375,131661824.0,97525760.0,3037.0,4267.0,8411811840.0,20889600.0,12551327744.0,47054848.0,0.0,0.0,196608.0,21475966976.0,
6.742,1.748,26.841,64.170,0.0,0.499,118915072.0,197885952.0,1160.0,4678.0,8382496768.0,20885504.0,12579160064.0,48541696.0,0.0,0.0,196608.0,21475966976.0,
28.464,9.863,17.353,42.946,0.125,1.248,109936640.0,231645184.0,2585.0,13575.0,8418271232.0,21008384.0,12543873024.0,47931392.0,0.0,0.0,196608.0,21475966976.0,
15.519,6.383,17.021,60.325,0.0,0.751,135020544.0,216391680.0,3359.0,24831.0,8393691136.0,21078016.0,12569051136.0,47263744.0,0.0,0.0,196608.0,21475966976.0,
22.444,6.484,26.808,43.766,0.125,0.374,155877376.0,2990080.0,1523.0,6603.0,8388362240.0,21209088.0,12574846976.0,46665728.0,0.0,0.0,196608.0,21475966976.0,
14.464,4.115,34.165,46.758,0.0,0.499,129064960.0,87343104.0,2275.0,4407.0,8389287936.0,21245952.0,12573810688.0,46739456.0,0.0,0.0,196608.0,21475966976.0,
9.136,1.502,44.055,45.056,0.0,0.250,99426304.0,200499200.0,3212.0,10522.0,7613505536.0,21245952.0,12589408256.0,806924288.0,0.0,0.0,196608.0,21475966976.0,
15.144,5.257,31.665,46.934,0.0,1.001,64225280.0,220454912.0,784.0,3983.0,7636553728.0,21393408.0,12712681472.0,660455424.0,0.0,0.0,196608.0,21475966976.0,
21.322,8.105,21.072,48.379,0.0,1.122,131784704.0,180436992.0,6100.0,25654.0,7626919936.0,21590016.0,12901486592.0,481087488.0,0.0,0.0,196608.0,21475966976.0,
14.963,3.990,30.923,49.626,0.125,0.374,126853120.0,1499136.0,1925.0,9481.0,7626285056.0,21721088.0,13023367168.0,359710720.0,0.0,0.0,196608.0,21475966976.0,
17.250,4.875,22.875,54.375,0.0,0.625,139321344.0,149987328.0,3016.0,7200.0,7636267008.0,21852160.0,13118795776.0,254169088.0,0.0,0.0,196608.0,21475966976.0,
5.868,1.248,15.605,76.904,0.0,0.375,102572032.0,175456256.0,3262.0,7132.0,7610519552.0,21868544.0,13162434560.0,236261376.0,0.0,0.0,196608.0,21475966976.0,
10.612,3.371,24.220,61.298,0.125,0.375,68919296.0,194797568.0,1819.0,7711.0,7608225792.0,21962752.0,13246124032.0,154771456.0,0.0,0.0,196608.0,21475966976.0,
25.500,10.125,12.500,51.125,0.0,0.750,113721344.0,68648960.0,3846.0,25017.0,7628513280.0,22159360.0,13332324352.0,48087040.0,0.0,0.0,196608.0,21475966976.0,
21.026,5.757,22.153,50.563,0.0,0.501,143138816.0,11321344.0,5795.0,19148.0,7621939200.0,22011904.0,13342240768.0,44892160.0,0.0,0.0,196608.0,21475966976.0,
16.833,4.115,13.342,65.212,0.0,0.499,144375808.0,112664576.0,1053.0,4267.0,7618289664.0,22032384.0,13345030144.0,45731840.0,0.0,0.0,196608.0,21475966976.0,
6.110,2.244,45.761,45.262,0.125,0.499,83582976.0,195403776.0,2351.0,3847.0,7606509568.0,22056960.0,13356023808.0,46493696.0,0.0,0.0,196608.0,21475966976.0,
23.250,8.0,21.500,46.125,0.0,1.125,105316352.0,243867648.0,4015.0,9289.0,7620870144.0,22163456.0,13341306880.0,46743552.0,0.0,0.0,196608.0,21475966976.0,
20.500,7.125,23.375,48.500,0.0,0.500,150544384.0,46546944.0,5330.0,22174.0,7609135104.0,22261760.0,13347360768.0,52326400.0,0.0,0.0,196608.0,21475966976.0,
19.226,5.868,33.208,40.949,0.125,0.624,133677056.0,10551296.0,3941.0,4437.0,7605379072.0,22315008.0,13357883392.0,45506560.0,0.0,0.0,196608.0,21475966976.0,
18.875,4.750,22.250,53.750,0.0,0.375,150315008.0,79126528.0,2899.0,3469.0,7604649984.0,22327296.0,13354283008.0,49823744.0,0.0,0.0,196608.0,21475966976.0,
11.471,3.242,31.172,53.367,0.125,0.623,142802944.0,252862464.0,4537.0,8105.0,7599603712.0,22315008.0,13362528256.0,46637056.0,0.0,0.0,196608.0,21475966976.0,
20.875,7.875,21.250,48.750,0.0,1.250,108896256.0,189333504.0,1663.0,7313.0,7605456896.0,22323200.0,13351903232.0,51400704.0,0.0,0.0,196608.0,21475966976.0,
18.703,6.983,12.843,60.599,0.125,0.748,142663680.0,154935296.0,2463.0,15893.0,7588364288.0,22405120.0,13369483264.0,50831360.0,0.0,0.0,196608.0,21475966976.0,
21.652,7.009,33.417,37.422,0.0,0.501,152584192.0,3661824.0,4080.0,18952.0,7579426816.0,22454272.0,13380345856.0,48857088.0,0.0,0.0,196608.0,21475966976.0,
19.750,4.750,28.250,46.750,0.0,0.500,138240000.0,90824704.0,1029.0,4437.0,7585619968.0,22495232.0,13375033344.0,47935488.0,0.0,0.0,196608.0,21475966976.0,
14.856,5.119,13.358,65.793,0.125,0.749,138764288.0,203571200.0,6497.0,13837.0,7567224832.0,22482944.0,13392429056.0,48947200.0,0.0,0.0,196608.0,21475966976.0,
25.810,8.354,28.180,36.160,0.125,1.372,146702336.0,217325568.0,4682.0,15781.0,7574130688.0,22519808.0,13385891840.0,48541696.0,0.0,0.0,196608.0,21475966976.0,
18.375,6.625,34.0,40.125,0.125,0.750,115998720.0,208134144.0,5449.0,17228.0,7557931008.0,22589440.0,13400489984.0,50073600.0,0.0,0.0,196608.0,21475966976.0,
20.625,5.875,25.625,47.375,0.0,0.500,164290560.0,1695744.0,813.0,3329.0,7561863168.0,22622208.0,13396725760.0,49872896.0,0.0,0.0,196608.0,21475966976.0,
14.607,3.870,23.221,57.553,0.125,0.624,133554176.0,112517120.0,2850.0,10522.0,7544901632.0,22691840.0,13418287104.0,45203456.0,0.0,0.0,196608.0,21475966976.0,
10.224,2.868,33.915,52.369,0.0,0.623,111181824.0,183427072.0,990.0,4576.0,7547097088.0,22728704.0,13414903808.0,46354432.0,0.0,0.0,196608.0,21475966976.0,
21.026,6.884,18.023,53.191,0.0,0.876,74244096.0,190324736.0,5212.0,14081.0,7567552512.0,22859776.0,13394321408.0,46350336.0,0.0,0.0,196608.0,21475966976.0,
23.096,7.241,27.341,41.573,0.0,0.749,137240576.0,242335744.0,2321.0,10477.0,7565807616.0,22970368.0,13394903040.0,47403008.0,0.0,0.0,196608.0,21475966976.0,
12.734,4.120,39.950,42.697,0.0,0.499,140115968.0,8200192.0,1355.0,6781.0,7543832576.0,23060480.0,13414658048.0,49532928.0,0.0,0.0,196608.0,21475966976.0,
14.357,4.370,32.959,47.815,0.125,0.375,103882752.0,77668352.0,3754.0,8013.0,7526273024.0,23142400.0,13426003968.0,55664640.0,0.0,0.0,196608.0,21475966976.0,
8.875,1.375,36.0,53.375,0.0,0.375,112951296.0,213737472.0,823.0,4593.0,7528017920.0,23146496.0,13429055488.0,50864128.0,0.0,0.0,196608.0,21475966976.0,
12.984,5.243,42.322,38.826,0.0,0.624,56999936.0,195330048.0,2000.0,4047.0,7526854656.0,23212032.0,13431480320.0,49537024.0,0.0,0.0,196608.0,21475966976.0,
18.500,8.250,23.0,49.375,0.125,0.750,102367232.0,162070528.0,4437.0,12655.0,7538253824.0,23310336.0,13423976448.0,45543424.0,0.0,0.0,196608.0,21475966976.0,
14.090,3.990,28.304,53.367,0.0,0.249,131104768.0,524288.0,3779.0,14083.0,7528525824.0,23351296.0,13433225216.0,45981696.0,0.0,0.0,196608.0,21475966976.0,
14.482,4.245,33.583,47.191,0.0,0.499,134668288.0,65544192.0,4902.0,9419.0,7518171136.0,23404544.0,13439705088.0,49803264.0,0.0,0.0,196608.0,21475966976.0,
14.625,3.750,21.250,59.875,0.0,0.500,120995840.0,206495744.0,1657.0,3526.0,7516803072.0,23416832.0,13440073728.0,50790400.0,0.0,0.0,196608.0,21475966976.0,
14.981,5.868,22.597,55.556,0.125,0.874,62627840.0,181067776.0,4173.0,14015.0,7522361344.0,23478272.0,13435318272.0,49926144.0,0.0,0.0,196608.0,21475966976.0,
20.875,6.625,25.625,46.375,0.0,0.500,131129344.0,56221696.0,1925.0,7324.0,7516082176.0,23576576.0,13445206016.0,46219264.0,0.0,0.0,196608.0,21475966976.0,
13.358,3.870,29.838,52.559,0.0,0.375,168271872.0,1482752.0,2440.0,9492.0,7495319552.0,23609344.0,13464018944.0,48136192.0,0.0,0.0,196608.0,21475966976.0,
21.348,5.743,16.230,55.805,0.125,0.749,143319040.0,78749696.0,2414.0,8725.0,7508578304.0,23666688.0,13445967872.0,52871168.0,0.0,0.0,196608.0,21475966976.0,
11.125,2.375,29.125,56.750,0.0,0.625,136249344.0,189947904.0,4556.0,17533.0,7496683520.0,23695360.0,13464010752.0,46694400.0,0.0,0.0,196608.0,21475966976.0,
19.725,6.492,27.341,45.568,0.0,0.874,86138880.0,235986944.0,5706.0,17060.0,7493394432.0,23781376.0,13462732800.0,51175424.0,0.0,0.0,196608.0,21475966976.0,
26.092,8.864,13.233,50.687,0.125,0.999,150986752.0,131276800.0,5667.0,14846.0,7506587648.0,23916544.0,13455441920.0,45137920.0,0.0,0.0,196608.0,21475966976.0,
15.625,4.375,19.625,59.875,0.0,0.500,140263424.0,1998848.0,1269.0,5378.0,7485489152.0,23957504.0,13473013760.0,48623616.0,0.0,0.0,196608.0,21475966976.0,
15.0,4.375,33.125,47.250,0.0,0.250,140247040.0,74981376.0,1197.0,3332.0,7501041664.0,23990272.0,13454417920.0,51634176.0,0.0,0.0,196608.0,21475966976.0,
11.457,2.491,29.514,55.791,0.125,0.623,129212416.0,198164480.0,649.0,3915.0,7468351488.0,24018944.0,13487161344.0,51552256.0,0.0,0.0,196608.0,21475966976.0,
19.0,6.125,31.375,42.500,0.0,1.0,105340928.0,211181568.0,1897.0,9636.0,7481655296.0,24100864.0,13478952960.0,46374912.0,0.0,0.0,196608.0,21475966976.0,
11.567,5.100,22.264,60.323,0.124,0.622,122617856.0,176349184.0,5483.0,11680.0,7485399040.0,24117248.0,13475487744.0,46080000.0,0.0,0.0,196608.0,21475966976.0,
24.030,8.511,12.641,54.318,0.0,0.501,141008896.0,15630336.0,4480.0,18364.0,7491645440.0,24182784.0,13464694784.0,50561024.0,0.0,0.0,196608.0,21475966976.0,
14.963,3.242,20.574,60.848,0.0,0.374,115228672.0,58105856.0,2222.0,6901.0,7493677056.0,24260608.0,13468401664.0,44744704.0,0.0,0.0,196608.0,21475966976.0,
14.981,4.994,17.228,61.923,0.125,0.749,119816192.0,202964992.0,4019.0,11202.0,7474450432.0,24334336.0,13480640512.0,51658752.0,0.0,0.0,196608.0,21475966976.0,
8.856,3.321,14.145,73.309,0.0,0.369,97067008.0,183894016.0,3286.0,14731.0,7474253824.0,24379392.0,13484654592.0,47796224.0,0.0,0.0,196608.0,21475966976.0,
27.284,9.512,17.021,45.307,0.0,0.876,126509056.0,142311424.0,5106.0,14681.0,7478149120.0,24518656.0,13478666240.0,49750016.0,0.0,0.0,196608.0,21475966976.0,
17.684,4.981,11.831,64.757,0.125,0.623,123887616.0,188416.0,3103.0,6774.0,7484162048.0,24539136.0,13476151296.0,46231552.0,0.0,0.0,196608.0,21475966976.0,
16.270,4.005,24.656,54.568,0.0,0.501,156622848.0,81584128.0,2349.0,5211.0,7474188288.0,24518656.0,13481717760.0,50659328.0,0.0,0.0,196608.0,21475966976.0,
15.586,5.486,13.092,64.713,0.125,0.998,105693184.0,197484544.0,3952.0,5242.0,7486222336.0,24473600.0,13469609984.0,50778112.0,0.0,0.0,196608.0,21475966976.0,
20.050,6.892,20.301,52.005,0.0,0.752,146243584.0,196493312.0,6236.0,20933.0,7478743040.0,24461312.0,13480820736.0,47058944.0,0.0,0.0,196608.0,21475966976.0,
16.065,5.978,18.057,59.029,0.125,0.747,155025408.0,174923776.0,5167.0,18479.0,7459708928.0,24485888.0,13498134528.0,48754688.0,0.0,0.0,196608.0,21475966976.0,
16.145,5.131,21.527,56.946,0.0,0.250,129089536.0,352256.0,1361.0,6921.0,7497469952.0,24485888.0,13464195072.0,44933120.0,0.0,0.0,196608.0,21475966976.0,
17.603,5.493,26.592,49.938,0.0,0.375,139452416.0,40640512.0,1227.0,3493.0,7477325824.0,24555520.0,13478072320.0,51130368.0,0.0,0.0,196608.0,21475966976.0,
12.470,4.077,29.065,53.717,0.048,0.624,293961728.0,545988608.0,7912.0,25239.0,7469731840.0,24657920.0,13484158976.0,52535296.0,0.0,0.0,196608.0,21475966976.0,
26.875,9.250,21.0,42.0,0.0,0.875,148955136.0,104456192.0,5899.0,26006.0,7469842432.0,24834048.0,13486379008.0,50028544.0,0.0,0.0,196608.0,21475966976.0,
17.603,5.618,41.573,34.582,0.125,0.499,127377408.0,1966080.0,1269.0,5378.0,7477395456.0,24907776.0,13483573248.0,45207552.0,0.0,0.0,196608.0,21475966976.0,
10.875,2.125,31.375,55.125,0.0,0.500,145547264.0,222576640.0,2592.0,5833.0,7470260224.0,24928256.0,13491027968.0,44867584.0,0.0,0.0,196608.0,21475966976.0,
12.734,4.120,45.194,37.203,0.125,0.624,130359296.0,176087040.0,2371.0,10690.0,7454588928.0,24944640.0,13499162624.0,52387840.0,0.0,0.0,196608.0,21475966976.0,
20.0,8.125,15.875,55.0,0.125,0.875,112230400.0,210665472.0,3273.0,22146.0,7466897408.0,25030656.0,13487636480.0,51519488.0,0.0,0.0,196608.0,21475966976.0,
20.574,7.606,19.701,51.496,0.0,0.623,154566656.0,4423680.0,1986.0,5056.0,7460163584.0,25067520.0,13499109376.0,46743552.0,0.0,0.0,196608.0,21475966976.0,
19.500,5.875,18.625,55.500,0.0,0.500,150814720.0,1564672.0,8121.0,16672.0,7453327360.0,25128960.0,13501321216.0,51306496.0,0.0,0.0,196608.0,21475966976.0,
12.750,2.375,22.250,62.250,0.0,0.375,154476544.0,170958848.0,2259.0,8922.0,7441920000.0,25141248.0,13512298496.0,51724288.0,0.0,0.0,196608.0,21475966976.0,
11.222,3.865,39.900,44.140,0.125,0.748,90071040.0,257777664.0,3500.0,4342.0,7443435520.0,25182208.0,13514776576.0,47689728.0,0.0,0.0,196608.0,21475966976.0,
19.024,8.511,13.767,57.697,0.0,1.001,79486976.0,224526336.0,3212.0,18119.0,7454486528.0,25272320.0,13501153280.0,50171904.0,0.0,0.0,196608.0,21475966976.0,
9.476,3.242,30.798,56.234,0.0,0.249,106446848.0,6791168.0,3229.0,9749.0,7454416896.0,25296896.0,13500243968.0,51126272.0,0.0,0.0,196608.0,21475966976.0,
16.105,5.119,21.099,56.929,0.125,0.624,130416640.0,1531904.0,4263.0,12050.0,7434637312.0,25362432.0,13519118336.0,51965952.0,0.0,0.0,196608.0,21475966976.0,
11.750,2.0,10.0,75.750,0.0,0.500,133111808.0,219439104.0,1905.0,3763.0,7428399104.0,25407488.0,13526212608.0,51064832.0,0.0,0.0,196608.0,21475966976.0,
9.114,3.745,47.566,38.826,0.0,0.749,75431936.0,185778176.0,4911.0,16141.0,7427117056.0,25489408.0,13526487040.0,51990528.0,0.0,0.0,196608.0,21475966976.0,
27.534,10.013,6.383,55.194,0.0,0.876,160251904.0,123396096.0,5542.0,33145.0,7434436608.0,25665536.0,13521477632.0,49504256.0,0.0,0.0,196608.0,21475966976.0,
17.581,5.112,22.693,54.115,0.0,0.499,134815744.0,704512.0,5530.0,9977.0,7430680576.0,25792512.0,13528846336.0,45764608.0,0.0,0.0,196608.0,21475966976.0,
11.735,3.496,20.474,63.920,0.125,0.250,141737984.0,606208.0,1211.0,5451.0,7416750080.0,25903104.0,13537349632.0,51081216.0,0.0,0.0,196608.0,21475966976.0,
14.375,3.625,30.875,50.625,0.0,0.500,130203648.0,212115456.0,1193.0,3296.0,7415390208.0,26021888.0,13265850368.0,323821568.0,0.0,0.0,196608.0,21475966976.0,
11.985,3.496,27.091,56.679,0.125,0.624,94298112.0,223772672.0,4822.0,22134.0,7427989504.0,26214400.0,13353488384.0,223391744.0,0.0,0.0,196608.0,21475966976.0,
19.625,8.500,21.625,49.250,0.0,1.0,90046464.0,158638080.0,2729.0,20751.0,7448100864.0,26533888.0,13505101824.0,51347456.0,0.0,0.0,196608.0,21475966976.0,
19.077,5.736,8.603,65.960,0.125,0.499,153141248.0,1089536.0,3882.0,15344.0,7444115456.0,26681344.0,13507575808.0,52711424.0,0.0,0.0,196608.0,21475966976.0,
16.521,4.506,17.522,61.076,0.0,0.375,141230080.0,155648.0,2553.0,3615.0,7439659008.0,26730496.0,13518254080.0,46440448.0,0.0,0.0,196608.0,21475966976.0,
10.349,2.618,17.207,69.451,0.0,0.374,136216576.0,190423040.0,2290.0,7709.0,7433089024.0,26796032.0,13522411520.0,48787456.0,0.0,0.0,196608.0,21475966976.0,
9.125,4.0,37.625,48.625,0.0,0.625,46211072.0,243310592.0,6557.0,7952.0,7429599232.0,27234304.0,13296177152.0,278073344.0,0.0,0.0,196608.0,21475966976.0,
21.973,7.241,40.574,29.089,0.125,0.999,116989952.0,200376320.0,2933.0,14928.0,7448649728.0,27525120.0,13182132224.0,372776960.0,0.0,0.0,196608.0,21475966976.0,
4.619,1.623,48.190,45.443,0.0,0.125,118054912.0,0.0,2216.0,10210.0,7434055680.0,27664384.0,13228490752.0,340873216.0,0.0,0.0,196608.0,21475966976.0,
22.625,7.375,32.250,37.375,0.0,0.375,101064704.0,3506176.0,167414.0,28738.0,7457251328.0,28131328.0,13068636160.0,477065216.0,0.0,0.0,196608.0,21475966976.0,
12.360,2.996,9.988,74.032,0.125,0.499,130433024.0,178675712.0,29219.0,11718.0,7125946368.0,28229632.0,13153058816.0,723849216.0,0.0,0.0,196608.0,21475966976.0,
8.603,2.993,26.559,61.222,0.0,0.623,89153536.0,205471744.0,4805.0,11562.0,7121522688.0,28463104.0,13224456192.0,656642048.0,0.0,0.0,196608.0,21475966976.0,
21.250,8.125,24.500,45.250,0.0,0.875,125165568.0,125657088.0,341570.0,34651.0,7133544448.0,28721152.0,13409304576.0,459513856.0,0.0,0.0,196608.0,21475966976.0,
19.451,5.611,19.077,55.237,0.125,0.499,152911872.0,1482752.0,3174.0,12454.0,7141920768.0,28917760.0,13549502464.0,310743040.0,0.0,0.0,196608.0,21475966976.0,
9.0,3.125,53.500,34.125,0.0,0.250,114081792.0,1671168.0,2201.0,4525.0,7130136576.0,29048832.0,13266309120.0,605589504.0,0.0,0.0,196608.0,21475966976.0,
22.222,6.117,10.737,60.424,0.0,0.499,140247040.0,170729472.0,4722.0,13531.0,7145742336.0,29274112.0,13385351168.0,470716416.0,0.0,0.0,196608.0,21475966976.0,
18.875,5.625,22.250,52.375,0.0,0.875,123256832.0,191021056.0,4103.0,10216.0,7152009216.0,29462528.0,13521825792.0,327786496.0,0.0,0.0,196608.0,21475966976.0,
16.375,5.375,15.250,62.250,0.0,0.750,133668864.0,213819392.0,4461.0,8313.0,7148695552.0,29622272.0,13653667840.0,199098368.0,0.0,0.0,196608.0,21475966976.0,
19.351,6.117,24.095,49.813,0.125,0.499,150765568.0,29122560.0,3770.0,12080.0,7163674624.0,29814784.0,13514797056.0,322797568.0,0.0,0.0,196608.0,21475966976.0,
14.232,4.619,23.845,56.804,0.0,0.499,138362880.0,1630208.0,4320.0,11788.0,7160373248.0,29945856.0,13637517312.0,203247616.0,0.0,0.0,196608.0,21475966976.0,
5.250,1.500,41.750,51.0,0.0,0.500,79618048.0,220094464.0,2420.0,11170.0,7148380160.0,30150656.0,13680041984.0,172511232.0,0.0,0.0,196608.0,21475966976.0,
12.859,4.744,41.448,40.325,0.125,0.499,68481024.0,215564288.0,1554.0,4505.0,7164215296.0,30478336.0,13155852288.0,680538112.0,0.0,0.0,196608.0,21475966976.0,
18.362,6.824,33.375,40.695,0.0,0.744,122195968.0,191692800.0,3056.0,7943.0,7173525504.0,30691328.0,13313122304.0,513744896.0,0.0,0.0,196608.0,21475966976.0,
17.146,5.382,34.293,42.678,0.0,0.501,138797056.0,1318912.0,899.0,4591.0,7164182528.0,30830592.0,13441150976.0,394919936.0,0.0,0.0,196608.0,21475966976.0,
18.828,5.736,31.047,44.015,0.0,0.374,146767872.0,0.0,3834.0,5904.0,7176978432.0,31014912.0,13548552192.0,274538496.0,0.0,0.0,196608.0,21475966976.0,
8.750,3.125,49.125,38.500,0.0,0.500,84287488.0,296517632.0,2321.0,3886.0,7168004096.0,31219712.0,13279330304.0,552529920.0,0.0,0.0,196608.0,21475966976.0,
10.125,3.500,53.500,32.0,0.125,0.750,84418560.0,148955136.0,2099.0,8870.0,7166574592.0,31461376.0,13362978816.0,470069248.0,0.0,0.0,196608.0,21475966976.0,
0.499,1.247,63.466,34.539,0.0,0.249,16703488.0,102809600.0,1660.0,10861.0,7159160832.0,31809536.0,13373546496.0,466567168.0,0.0,0.0,196608.0,21475966976.0,
23.625,7.500,25.750,42.625,0.0,0.500,142475264.0,3178496.0,9144.0,25922.0,5957697536.0,32055296.0,12917809152.0,2123522048.0,0.0,0.0,196608.0,21475966976.0,
21.099,5.493,20.350,52.684,0.0,0.375,124551168.0,0.0,3628.0,17657.0,5957926912.0,32272384.0,13065506816.0,1975377920.0,0.0,0.0,196608.0,21475966976.0,
10.125,2.500,35.125,51.750,0.125,0.375,111517696.0,217800704.0,5081.0,5062.0,5956952064.0,32407552.0,13132578816.0,1909145600.0,0.0,0.0,196608.0,21475966976.0,
11.610,4.370,51.186,32.085,0.0,0.749,75751424.0,181002240.0,6502.0,20805.0,5953785856.0,32641024.0,12794634240.0,2250022912.0,0.0,0.0,196608.0,21475966976.0,
16.250,5.750,28.750,48.750,0.0,0.500,110297088.0,51003392.0,3250.0,15437.0,5952946176.0,32956416.0,12926169088.0,2119012352.0,0.0,0.0,196608.0,21475966976.0,
3.367,1.247,62.219,33.042,0.0,0.125,58834944.0,0.0,1953.0,1638.0,5946839040.0,33185792.0,12959502336.0,2091556864.0,0.0,0.0,196608.0,21475966976.0,
18.102,6.617,39.076,35.705,0.0,0.499,88735744.0,1572864.0,7505.0,21531.0,5130223616.0,33513472.0,12385386496.0,3481960448.0,0.0,0.0,196608.0,21475966976.0,
4.619,2.871,56.305,35.705,0.125,0.375,54894592.0,199778304.0,4269.0,13210.0,5127684096.0,33808384.0,12044333056.0,3825258496.0,0.0,0.0,196608.0,21475966976.0,
8.511,4.756,52.315,34.043,0.0,0.375,40189952.0,202571776.0,3217.0,5499.0,5127901184.0,34230272.0,11254214656.0,4614737920.0,0.0,0.0,196608.0,21475966976.0,
11.610,4.619,60.549,22.971,0.0,0.250,75677696.0,46874624.0,9182.0,21712.0,4748341248.0,34508800.0,10990059520.0,5258174464.0,0.0,0.0,196608.0,21475966976.0,
11.500,4.750,64.0,19.500,0.0,0.250,88473600.0,385024.0,13712.0,27284.0,4522848256.0,34779136.0,10325180416.0,6148276224.0,0.0,0.0,196608.0,21475966976.0,
3.246,0.999,80.275,15.356,0.0,0.125,29474816.0,0.0,2078.0,6356.0,4506865664.0,35082240.0,10350915584.0,6138220544.0,0.0,0.0,196608.0,21475966976.0,
3.121,3.496,68.664,24.469,0.125,0.125,12853248.0,171778048.0,12785.0,28935.0,2458927104.0,35356672.0,9974697984.0,8562102272.0,0.0,0.0,196608.0,21475966976.0,
8.864,2.871,71.910,15.855,0.0,0.499,65806336.0,85229568.0,2995.0,15343.0,2461089792.0,35434496.0,10048679936.0,8485879808.0,0.0,0.0,196608.0,21475966976.0,
7.491,4.245,74.906,13.109,0.0,0.250,50479104.0,0.0,1129.0,5845.0,2456666112.0,35721216.0,9206779904.0,9331916800.0,0.0,0.0,196608.0,21475966976.0,
1.124,1.998,94.382,2.372,0.0,0.125,8683520.0,0.0,6238.0,16792.0,1437917184.0,35835904.0,8769122304.0,10788208640.0,0.0,0.0,196608.0,21475966976.0,
0.0,0.0,100.0,0.0,0.0,0.0,65536.0,0.0,437.0,1114.0,1437450240.0,35835904.0,8767873024.0,10789924864.0,0.0,0.0,196608.0,21475966976.0,
0.0,0.500,87.0,12.500,0.0,0.0,4349952.0,144687104.0,3645.0,467.0,1436205056.0,35868672.0,8768909312.0,10790100992.0,0.0,0.0,196608.0,21475966976.0,
0.0,0.0,100.0,0.0,0.0,0.0,0.0,0.0,2437.0,467.0,1435705344.0,35868672.0,8767954944.0,10791555072.0,0.0,0.0,196608.0,21475966976.0,
0.125,0.0,99.875,0.0,0.0,0.0,4194304.0,0.0,353.0,937.0,1435508736.0,35868672.0,8768851968.0,10790854656.0,0.0,0.0,196608.0,21475966976.0,
0.0,0.125,99.875,0.0,0.0,0.0,0.0,0.0,369.0,403.0,1434603520.0,35868672.0,8767979520.0,10792632320.0,0.0,0.0,196608.0,21475966976.0,
0.125,0.0,99.875,0.0,0.0,0.0,4243456.0,0.0,305.0,403.0,1434484736.0,35872768.0,8768872448.0,10791854080.0,0.0,0.0,196608.0,21475966976.0,
0.0,0.125,99.875,0.0,0.0,0.0,0.0,40960.0,417.0,1015.0,1433731072.0,35880960.0,8767942656.0,10793529344.0,0.0,0.0,196608.0,21475966976.0,
0.0,0.0,100.0,0.0,0.0,0.0,4194304.0,0.0,2737.0,467.0,1433341952.0,35880960.0,8768897024.0,10792964096.0,0.0,0.0,196608.0,21475966976.0,
0.0,0.125,99.875,0.0,0.0,0.0,0.0,106496.0,497.0,403.0,1432326144.0,35889152.0,8768000000.0,10794868736.0,0.0,0.0,196608.0,21475966976.0,
0.125,0.0,99.875,0.0,0.0,0.0,4202496.0,0.0,369.0,403.0,1432072192.0,35893248.0,8768892928.0,10794225664.0,0.0,0.0,196608.0,21475966976.0,
0.0,0.0,100.0,0.0,0.0,0.0,0.0,0.0,2721.0,1001.0,1431404544.0,35893248.0,8768028672.0,10795757568.0,0.0,0.0,196608.0,21475966976.0,
0.0,0.125,99.626,0.249,0.0,0.0,4194304.0,40960.0,515.0,902.0,1431269376.0,35901440.0,8768917504.0,10794995712.0,0.0,0.0,196608.0,21475966976.0,
0.0,0.0,100.0,0.0,0.0,0.0,0.0,0.0,2353.0,467.0,1430429696.0,35901440.0,8768069632.0,10796683264.0,0.0,0.0,196608.0,21475966976.0,
0.125,0.0,99.751,0.0,0.125,0.0,0.0,0.0,2209.0,1001.0,1429848064.0,35901440.0,8766873600.0,10798460928.0,0.0,0.0,196608.0,21475966976.0,
0.0,0.0,100.0,0.0,0.0,0.0,0.0,0.0,2063.0,403.0,1429331968.0,35901440.0,8765984768.0,10799865856.0,0.0,0.0,196608.0,21475966976.0,
0.125,0.125,98.879,0.747,0.0,0.125,8429568.0,0.0,2225.0,467.0,1429356544.0,35905536.0,8768970752.0,10796851200.0,0.0,0.0,196608.0,21475966976.0,
0.0,0.125,99.875,0.0,0.0,0.0,65536.0,49152.0,2465.0,1079.0,1428643840.0,35913728.0,8768012288.0,10798514176.0,0.0,0.0,196608.0,21475966976.0,
0.0,0.0,99.875,0.125,0.0,0.0,4349952.0,0.0,1585.0,403.0,1428103168.0,35926016.0,8769196032.0,10797858816.0,0.0,0.0,196608.0,21475966976.0,
0.125,0.0,99.875,0.0,0.0,0.0,0.0,106496.0,241.0,403.0,1427951616.0,35934208.0,8768090112.0,10799108096.0,0.0,0.0,196608.0,21475966976.0,
0.0,0.0,100.0,0.0,0.0,0.0,4194304.0,0.0,353.0,937.0,1427660800.0,35934208.0,8769286144.0,10798202880.0,0.0,0.0,196608.0,21475966976.0,
0.0,0.125,99.875,0.0,0.0,0.0,0.0,0.0,433.0,403.0,1427349504.0,35934208.0,8768094208.0,10799706112.0,0.0,0.0,196608.0,21475966976.0,
0.125,0.374,99.501,0.0,0.0,0.0,4243456.0,0.0,369.0,403.0,1427320832.0,35938304.0,8768987136.0,10798837760.0,0.0,0.0,196608.0,21475966976.0,
0.0,0.125,99.875,0.0,0.0,0.0,0.0,73728.0,2081.0,937.0,1426788352.0,35946496.0,8768114688.0,10800234496.0,0.0,0.0,196608.0,21475966976.0,
0.0,0.125,99.875,0.0,0.0,0.0,4194304.0,0.0,1329.0,403.0,1426649088.0,35946496.0,8769310720.0,10799177728.0,0.0,0.0,196608.0,21475966976.0,
0.0,0.0,100.0,0.0,0.0,0.0,0.0,0.0,497.0,403.0,1426526208.0,35946496.0,8768163840.0,10800447488.0,0.0,0.0,196608.0,21475966976.0,
0.125,0.0,99.875,0.0,0.0,0.0,4202496.0,0.0,545.0,937.0,1426456576.0,35950592.0,8769056768.0,10799620096.0,0.0,0.0,196608.0,21475966976.0,
0.0,0.873,89.900,9.227,0.0,0.0,0.0,5775360.0,433.0,481.0,1426079744.0,35950592.0,8768163840.0,10800889856.0,0.0,0.0,196608.0,21475966976.0,
0.0,0.250,83.146,16.479,0.0,0.125,2097152.0,3760128.0,241.0,403.0,1425809408.0,35958784.0,8769351680.0,10799964160.0,0.0,0.0,196608.0,21475966976.0,
0.0,0.0,87.500,12.500,0.0,0.0,2097152.0,3809280.0,1633.0,937.0,1425768448.0,35958784.0,8768167936.0,10801188864.0,0.0,0.0,196608.0,21475966976.0,
0.0,0.125,87.516,12.360,0.0,0.0,0.0,3702784.0,369.0,403.0,1425506304.0,35958784.0,8767270912.0,10802348032.0,0.0,0.0,196608.0,21475966976.0,
0.125,0.125,87.282,12.344,0.0,0.125,0.0,3571712.0,241.0,403.0,1425444864.0,35958784.0,8766070784.0,10803609600.0,0.0,0.0,196608.0,21475966976.0,
0.0,0.0,96.125,3.875,0.0,0.0,8429568.0,1859584.0,3255.0,1039.0,1421737984.0,35979264.0,8769339392.0,10804027392.0,0.0,0.0,196608.0,21475966976.0,
0.0,0.375,99.625,0.0,0.0,0.0,65536.0,0.0,1611.0,19493.0,1422381056.0,35979264.0,8768233472.0,10804490240.0,0.0,0.0,196608.0,21475966976.0,
0.125,0.125,99.750,0.0,0.0,0.0,4349952.0,0.0,1521.0,403.0,1422192640.0,35991552.0,8769425408.0,10803474432.0,0.0,0.0,196608.0,21475966976.0,
0.0,0.0,100.0,0.0,0.0,0.0,0.0,0.0,1569.0,937.0,1422295040.0,35991552.0,8768307200.0,10804490240.0,0.0,0.0,196608.0,21475966976.0,
0.0,0.125,99.875,0.0,0.0,0.0,4194304.0,0.0,945.0,403.0,1421914112.0,35991552.0,8769503232.0,10803675136.0,0.0,0.0,196608.0,21475966976.0,
0.125,0.125,99.626,0.0,0.125,0.0,0.0,0.0,2417.0,481.0,1421434880.0,35991552.0,8768307200.0,10805350400.0,0.0,0.0,196608.0,21475966976.0,
0.0,0.0,100.0,0.0,0.0,0.0,4243456.0,40960.0,801.0,937.0,1420853248.0,36003840.0,8769499136.0,10804727808.0,0.0,0.0,196608.0,21475966976.0,
0.0,0.0,100.0,0.0,0.0,0.0,0.0,0.0,2417.0,403.0,1420877824.0,36003840.0,8768331776.0,10805870592.0,0.0,0.0,196608.0,21475966976.0,
0.125,0.125,99.750,0.0,0.0,0.0,4194304.0,0.0,241.0,403.0,1420910592.0,36003840.0,8769228800.0,10804940800.0,0.0,0.0,196608.0,21475966976.0,
0.0,0.0,100.0,0.0,0.0,0.0,0.0,0.0,545.0,937.0,1420763136.0,36003840.0,8768331776.0,10805985280.0,0.0,0.0,196608.0,21475966976.0,
0.0,0.0,99.875,0.125,0.0,0.0,4202496.0,24576.0,433.0,403.0,1420529664.0,36016128.0,8769474560.0,10805063680.0,0.0,0.0,196608.0,21475966976.0,
0.125,0.0,99.875,0.0,0.0,0.0,0.0,40960.0,241.0,403.0,1420226560.0,36024320.0,8768364544.0,10806468608.0,0.0,0.0,196608.0,21475966976.0,
0.0,0.125,99.751,0.0,0.0,0.125,4194304.0,0.0,1441.0,937.0,1419694080.0,36024320.0,8769568768.0,10805796864.0,0.0,0.0,196608.0,21475966976.0,
0.0,0.0,100.0,0.0,0.0,0.0,0.0,0.0,2383.0,403.0,1419804672.0,36024320.0,8768372736.0,10806882304.0,0.0,0.0,196608.0,21475966976.0,
0.125,0.0,99.875,0.0,0.0,0.0,0.0,0.0,305.0,403.0,1419304960.0,36024320.0,8767475712.0,10808279040.0,0.0,0.0,196608.0,21475966976.0,
0.0,0.125,99.875,0.0,0.0,0.0,0.0,40960.0,545.0,1015.0,1419337728.0,36032512.0,8766291968.0,10809421824.0,0.0,0.0,196608.0,21475966976.0,
0.125,0.749,98.752,0.375,0.0,0.0,8437760.0,0.0,305.0,403.0,1422802944.0,36040704.0,8769572864.0,10802667520.0,0.0,0.0,196608.0,21475966976.0,
0.0,0.125,99.875,0.0,0.0,0.0,65536.0,0.0,305.0,403.0,1422815232.0,36040704.0,8769503232.0,10802724864.0,0.0,0.0,196608.0,21475966976.0,
0.125,0.0,99.875,0.0,0.0,0.0,0.0,0.0,1825.0,937.0,1423261696.0,36040704.0,8768524288.0,10803257344.0,0.0,0.0,196608.0,21475966976.0,
0.0,0.0,100.0,0.0,0.0,0.0,4349952.0,0.0,177.0,403.0,1423163392.0,36052992.0,8769601536.0,10802266112.0,0.0,0.0,196608.0,21475966976.0,
0.0,0.0,100.0,0.0,0.0,0.0,0.0,32768.0,443.0,505.0,1422876672.0,36061184.0,8768589824.0,10803556352.0,0.0,0.0,196608.0,21475966976.0,
0.125,0.250,99.501,0.125,0.0,0.0,4194304.0,90112.0,2273.0,937.0,1419313152.0,36069376.0,8769884160.0,10805817344.0,0.0,0.0,196608.0,21475966976.0,
0.875,0.250,94.375,4.375,0.0,0.125,1966080.0,0.0,177.0,403.0,1419681792.0,36220928.0,8769384448.0,10805796864.0,0.0,0.0,196608.0,21475966976.0,
