"Dstat 0.6.6 CSV output"
"Author:","Dag Wieers <dag@wieers.com>",,,,"URL:","http://dag.wieers.com/home-made/dstat/"
"Host:","ravenleader",,,,"User:","wb"
"Cmdline:","dstat -cdnmg --output /scratch2/wb/eval/hadoop_dstat/wc-250gb-64mb-1-ravenleader.csv",,,,"Date:","08 Aug 2016 19:28:26 KST"

"total cpu usage",,,,,,"dsk/total",,"net/total",,"memory usage",,,,"paging",
"usr","sys","idl","wai","hiq","siq","read","writ","recv","send","used","buff","cach","free","in","out"
0.732,0.431,98.467,0.282,0.009,0.080,3385034.595,888516.061,0.0,0.0,2991050752.0,959107072.0,16488452096.0,592486400.0,0.0,0.082,
20.849,3.995,74.782,0.0,0.0,0.375,0.0,0.0,98532.0,71184.0,3049701376.0,959107072.0,16489283584.0,533004288.0,0.0,0.0,
27.057,1.247,71.571,0.0,0.0,0.125,0.0,81920.0,255684.0,464806.0,3135016960.0,959115264.0,16489398272.0,447565824.0,0.0,0.0,
16.750,0.750,82.500,0.0,0.0,0.0,0.0,0.0,24236.0,14802.0,3156119552.0,959115264.0,16489406464.0,426455040.0,0.0,0.0,
23.970,0.499,75.406,0.125,0.0,0.0,0.0,57344.0,25776.0,300111.0,3170328576.0,959115264.0,16489418752.0,412233728.0,0.0,0.0,
19.600,0.375,79.775,0.125,0.0,0.125,0.0,3440640.0,30934.0,13877.0,3174268928.0,959131648.0,16489402368.0,408293376.0,0.0,0.0,
3.500,0.375,96.0,0.0,0.0,0.125,0.0,0.0,52720.0,707516.0,3176497152.0,959139840.0,16489426944.0,406032384.0,0.0,0.0,
0.250,0.375,99.001,0.0,0.0,0.375,0.0,40960.0,329426.0,5533075.0,3176726528.0,959148032.0,16489443328.0,405778432.0,0.0,0.0,
0.125,0.125,99.500,0.0,0.0,0.250,0.0,0.0,212194.0,4325362.0,3176300544.0,959148032.0,16489443328.0,406204416.0,0.0,0.0,
0.249,0.374,99.252,0.0,0.0,0.125,0.0,0.0,249064.0,5690564.0,3177689088.0,959148032.0,16489451520.0,404807680.0,0.0,0.0,
0.125,0.250,99.375,0.0,0.0,0.250,0.0,450560.0,228824.0,5146418.0,3177635840.0,959156224.0,16489447424.0,404856832.0,0.0,0.0,
0.125,0.250,99.376,0.0,0.125,0.125,0.0,32768.0,242208.0,5014491.0,3177631744.0,959164416.0,16489451520.0,404848640.0,0.0,0.0,
0.375,0.125,99.376,0.0,0.0,0.125,0.0,81920.0,129128.0,2534226.0,3176968192.0,959172608.0,16489447424.0,405508096.0,0.0,0.0,
0.873,0.374,98.379,0.125,0.0,0.249,0.0,1597440.0,128332.0,2534134.0,3176386560.0,959176704.0,16489652224.0,405880832.0,0.0,0.0,
0.125,0.125,99.750,0.0,0.0,0.0,0.0,753664.0,172795.0,3988568.0,3176108032.0,959193088.0,16489635840.0,406159360.0,0.0,0.0,
0.375,0.250,99.251,0.0,0.0,0.125,0.0,221184.0,88289.0,1582013.0,3176148992.0,959197184.0,16489598976.0,406151168.0,0.0,0.0,
0.250,0.125,99.625,0.0,0.0,0.0,0.0,49152.0,69983.0,1163606.0,3175735296.0,959201280.0,16489594880.0,406564864.0,0.0,0.0,
0.624,0.125,99.251,0.0,0.0,0.0,0.0,1425408.0,28661.0,45447.0,3175706624.0,959201280.0,16490004480.0,406183936.0,0.0,0.0,
0.999,0.375,98.377,0.0,0.0,0.250,0.0,98304.0,25566.0,81109.0,3175591936.0,959209472.0,16490094592.0,406200320.0,0.0,0.0,
0.499,7.865,83.645,0.0,0.250,7.740,0.0,8192.0,4381196.0,24299318.0,3176751104.0,960270336.0,16491184128.0,402890752.0,0.0,0.0,
0.250,5.0,88.375,0.250,0.250,5.875,8192.0,7585792.0,7339350.0,103608946.0,3175161856.0,960278528.0,16491241472.0,404414464.0,0.0,0.0,
0.250,9.500,74.500,0.0,0.500,15.250,204800.0,0.0,9048898.0,59873225.0,3175518208.0,960278528.0,16491204608.0,404094976.0,0.0,0.0,
0.250,3.620,90.637,0.0,0.250,5.243,0.0,81920.0,9239352.0,115120440.0,3175268352.0,960286720.0,16491298816.0,404242432.0,0.0,0.0,
0.125,2.247,94.382,0.0,0.125,3.121,0.0,32768.0,2517524.0,56294283.0,3174871040.0,960294912.0,16491298816.0,404631552.0,0.0,0.0,
0.125,3.620,90.137,0.0,0.250,5.868,65536.0,0.0,3215120.0,72932019.0,3175452672.0,960294912.0,16491323392.0,404025344.0,0.0,0.0,
0.125,4.120,89.014,0.125,0.250,6.367,16384.0,2555904.0,5287268.0,114471879.0,3175882752.0,960303104.0,16491335680.0,403574784.0,0.0,0.0,
0.125,1.623,95.880,0.0,0.125,2.247,0.0,0.0,3911852.0,86877554.0,3175739392.0,960303104.0,16491360256.0,403693568.0,0.0,0.0,
0.125,2.128,93.742,0.0,0.125,3.880,0.0,65536.0,1914546.0,41371605.0,3175735296.0,960303104.0,16491364352.0,403693568.0,0.0,0.0,
0.624,4.245,88.639,0.0,0.250,6.242,0.0,122880.0,4109905.0,93295483.0,3176583168.0,960319488.0,16491491328.0,402702336.0,0.0,0.0,
2.747,1.873,93.009,0.0,0.125,2.247,0.0,0.0,4022747.0,76585842.0,3176890368.0,960319488.0,16492150784.0,401735680.0,0.0,0.0,
0.624,0.250,98.752,0.125,0.0,0.250,0.0,3219456.0,1313089.0,19727881.0,3176558592.0,960327680.0,16492490752.0,401719296.0,0.0,0.0,
0.250,0.0,99.625,0.0,0.0,0.125,0.0,0.0,145931.0,615662.0,3176460288.0,960327680.0,16492724224.0,401584128.0,0.0,0.0,
0.125,0.250,99.625,0.0,0.0,0.0,0.0,1458176.0,176146.0,181059.0,3176108032.0,960327680.0,16492920832.0,401739776.0,0.0,0.0,
0.250,0.125,99.501,0.0,0.0,0.125,0.0,49152.0,210889.0,671981.0,3175936000.0,960335872.0,16492957696.0,401866752.0,0.0,0.0,
0.375,0.0,99.501,0.0,0.0,0.125,0.0,65536.0,92325.0,163762.0,3175845888.0,960344064.0,16493039616.0,401866752.0,0.0,0.0,
0.125,0.125,99.501,0.125,0.0,0.125,0.0,1417216.0,149348.0,624748.0,3175825408.0,960352256.0,16493051904.0,401866752.0,0.0,0.0,
0.125,0.0,99.875,0.0,0.0,0.0,0.0,0.0,85276.0,253207.0,3175673856.0,960352256.0,16493129728.0,401940480.0,0.0,0.0,
0.125,0.125,99.750,0.0,0.0,0.0,0.0,8192.0,48888.0,10345.0,3175903232.0,960352256.0,16493154304.0,401686528.0,0.0,0.0,
0.125,0.0,99.750,0.0,0.0,0.125,0.0,32768.0,56721.0,11908.0,3175870464.0,960360448.0,16493178880.0,401686528.0,0.0,0.0,
0.250,0.125,99.625,0.0,0.0,0.0,0.0,49152.0,86126.0,23079.0,3175845888.0,960368640.0,16493187072.0,401694720.0,0.0,0.0,
0.125,0.375,98.876,0.250,0.0,0.375,0.0,8855552.0,4410045.0,167115.0,3175297024.0,960380928.0,16497180672.0,398237696.0,0.0,0.0,
0.125,0.125,99.626,0.0,0.125,0.0,0.0,0.0,48451.0,20804.0,3175284736.0,960380928.0,16497328128.0,398102528.0,0.0,0.0,
0.250,0.0,99.750,0.0,0.0,0.0,0.0,0.0,38882.0,11771.0,3175215104.0,960380928.0,16497332224.0,398168064.0,0.0,0.0,
0.125,0.0,99.750,0.0,0.0,0.125,0.0,32768.0,31415.0,9835.0,3175206912.0,960389120.0,16497324032.0,398176256.0,0.0,0.0,
0.125,0.0,99.875,0.0,0.0,0.0,0.0,0.0,43157.0,10279.0,3175014400.0,960389120.0,16497332224.0,398360576.0,0.0,0.0,
0.125,0.125,99.750,0.0,0.0,0.0,0.0,90112.0,30623.0,8537.0,3175006208.0,960393216.0,16497336320.0,398360576.0,0.0,0.0,
0.125,0.0,99.750,0.0,0.0,0.125,0.0,147456.0,32519.0,9164.0,3174977536.0,960401408.0,16497332224.0,398385152.0,0.0,0.0,
0.375,0.125,99.501,0.0,0.0,0.0,0.0,131072.0,36915.0,9041.0,3174948864.0,960401408.0,16497344512.0,398401536.0,0.0,0.0,
0.125,0.0,99.875,0.0,0.0,0.0,0.0,32768.0,28513.0,7863.0,3174563840.0,960409600.0,16497336320.0,398786560.0,0.0,0.0,
0.125,0.0,99.750,0.0,0.0,0.125,0.0,0.0,30661.0,9053.0,3174539264.0,960409600.0,16497344512.0,398802944.0,0.0,0.0,
0.125,0.125,99.750,0.0,0.0,0.0,0.0,0.0,44076.0,110728.0,3174490112.0,960409600.0,16497344512.0,398852096.0,0.0,0.0,
0.125,0.0,99.875,0.0,0.0,0.0,0.0,24576.0,29870.0,8841.0,3174486016.0,960413696.0,16497344512.0,398852096.0,0.0,0.0,
0.125,0.249,99.501,0.0,0.0,0.125,0.0,974848.0,35673.0,38187.0,3174768640.0,960421888.0,16497336320.0,398569472.0,0.0,0.0,
0.250,0.125,99.625,0.0,0.0,0.0,0.0,49152.0,36840.0,19715.0,3174887424.0,960434176.0,16497332224.0,398442496.0,0.0,0.0,
0.374,0.499,98.504,0.0,0.0,0.623,0.0,0.0,335620.0,479008.0,3175124992.0,960479232.0,16497557504.0,397934592.0,0.0,0.0,
0.375,0.876,98.498,0.0,0.0,0.250,0.0,0.0,614404.0,617079.0,3176558592.0,960581632.0,16497926144.0,396029952.0,0.0,0.0,
0.375,1.124,97.753,0.0,0.125,0.624,0.0,73728.0,1440910.0,1378453.0,3176079360.0,960614400.0,16499228672.0,395173888.0,0.0,0.0,
1.0,1.625,95.625,0.875,0.0,0.875,0.0,11427840.0,1693279.0,1226826.0,3175972864.0,960679936.0,16501555200.0,392888320.0,0.0,0.0,
0.873,4.613,91.521,0.0,0.125,2.868,0.0,32768.0,4450774.0,1872416.0,3176062976.0,960884736.0,16503926784.0,390221824.0,0.0,0.0,
0.624,3.496,93.633,0.0,0.0,2.247,0.0,0.0,4317510.0,1921584.0,3176427520.0,961126400.0,16505860096.0,387682304.0,0.0,0.0,
0.750,5.500,89.750,0.0,0.250,3.750,0.0,0.0,4805698.0,2631938.0,3175870464.0,961400832.0,16507334656.0,386490368.0,0.0,0.0,
0.624,2.747,94.757,0.0,0.0,1.873,0.0,0.0,3882768.0,2895769.0,3175522304.0,961548288.0,16508551168.0,385474560.0,0.0,0.0,
0.499,2.622,93.633,1.498,0.125,1.623,0.0,22659072.0,2076217.0,1898758.0,3175956480.0,961634304.0,16508792832.0,384712704.0,0.0,0.0,
0.624,1.623,96.879,0.0,0.0,0.874,0.0,57344.0,1553114.0,1693368.0,3176374272.0,961667072.0,16508850176.0,384204800.0,0.0,0.0,
0.876,1.252,97.247,0.0,0.0,0.626,0.0,0.0,973469.0,1862731.0,3176189952.0,961683456.0,16509341696.0,383881216.0,0.0,0.0,
0.624,0.749,97.878,0.0,0.125,0.624,0.0,0.0,518142.0,879077.0,3176562688.0,961687552.0,16509386752.0,383459328.0,0.0,0.0,
0.623,0.623,98.254,0.0,0.0,0.499,0.0,0.0,512000.0,1365552.0,3176566784.0,961691648.0,16509792256.0,383045632.0,0.0,0.0,
0.749,0.624,98.002,0.250,0.0,0.375,0.0,3964928.0,403539.0,1663122.0,3176857600.0,961712128.0,16509784064.0,382742528.0,0.0,0.0,
0.375,0.625,98.625,0.0,0.0,0.375,0.0,32768.0,438809.0,3288644.0,3176497152.0,961720320.0,16510046208.0,382832640.0,0.0,0.0,
0.250,0.499,99.001,0.0,0.0,0.250,0.0,0.0,271188.0,2332732.0,3176992768.0,961720320.0,16510091264.0,382291968.0,0.0,0.0,
0.375,0.250,99.125,0.0,0.0,0.250,0.0,0.0,2042743.0,2976543.0,3177078784.0,961728512.0,16511791104.0,380497920.0,0.0,0.0,
0.250,0.375,99.250,0.0,0.0,0.125,0.0,0.0,146609.0,1674302.0,3177725952.0,961728512.0,16511930368.0,379711488.0,0.0,0.0,
0.250,0.250,99.126,0.125,0.0,0.250,0.0,4440064.0,194622.0,2897801.0,3177508864.0,961736704.0,16511959040.0,379891712.0,0.0,0.0,
0.250,0.250,99.375,0.125,0.0,0.0,0.0,2375680.0,127836.0,1863837.0,3176673280.0,961765376.0,16512139264.0,380518400.0,0.0,0.0,
0.250,0.0,99.625,0.0,0.0,0.125,0.0,73728.0,51838.0,102890.0,3176529920.0,961769472.0,16512151552.0,380645376.0,0.0,0.0,
0.125,0.125,99.750,0.0,0.0,0.0,0.0,0.0,46961.0,50190.0,3176566784.0,961769472.0,16511987712.0,380772352.0,0.0,0.0,
0.250,0.125,99.625,0.0,0.0,0.0,0.0,0.0,42982.0,17463.0,3176267776.0,961769472.0,16511991808.0,381067264.0,0.0,0.0,
0.125,0.0,99.750,0.0,0.0,0.125,0.0,311296.0,65186.0,20384.0,3176267776.0,961777664.0,16511983616.0,381067264.0,0.0,0.0,
0.125,0.125,99.625,0.125,0.0,0.0,0.0,106496.0,55362.0,18136.0,3176091648.0,961785856.0,16511983616.0,381235200.0,0.0,0.0,
0.250,0.0,99.750,0.0,0.0,0.0,0.0,0.0,50264.0,22128.0,3175694336.0,961785856.0,16512000000.0,381616128.0,0.0,0.0,
0.125,0.125,99.626,0.0,0.0,0.125,0.0,24576.0,69193.0,41380.0,3175526400.0,961789952.0,16511995904.0,381784064.0,0.0,0.0,
0.250,0.125,99.625,0.0,0.0,0.0,0.0,0.0,56445.0,30634.0,3175510016.0,961789952.0,16511995904.0,381800448.0,0.0,0.0,
0.250,0.0,99.750,0.0,0.0,0.0,0.0,163840.0,47201.0,17518.0,3175489536.0,961789952.0,16512000000.0,381816832.0,0.0,0.0,
0.125,0.125,99.750,0.0,0.0,0.0,0.0,32768.0,46585.0,12406.0,3175481344.0,961798144.0,16511991808.0,381825024.0,0.0,0.0,
0.375,0.125,99.500,0.0,0.0,0.0,0.0,0.0,39996.0,14778.0,3176136704.0,961798144.0,16512000000.0,381161472.0,0.0,0.0,
0.249,0.0,99.626,0.0,0.0,0.125,0.0,32768.0,40719.0,13554.0,3176001536.0,961802240.0,16512004096.0,381288448.0,0.0,0.0,
0.250,0.125,99.501,0.0,0.125,0.0,0.0,221184.0,44136.0,10422.0,3175968768.0,961810432.0,16512012288.0,381304832.0,0.0,0.0,
0.250,0.125,99.625,0.0,0.0,0.0,0.0,614400.0,77731.0,16720.0,3176062976.0,961810432.0,16512020480.0,381202432.0,0.0,0.0,
0.125,0.0,99.750,0.0,0.0,0.125,0.0,32768.0,106184.0,16173.0,3175677952.0,961818624.0,16512188416.0,381411328.0,0.0,0.0,
0.125,0.250,99.625,0.0,0.0,0.0,0.0,0.0,340211.0,43483.0,3175485440.0,961818624.0,16512237568.0,381554688.0,0.0,0.0,
0.250,0.750,98.500,0.0,0.0,0.500,0.0,24576.0,706933.0,166704.0,3175747584.0,961839104.0,16512843776.0,380665856.0,0.0,0.0,
0.499,0.999,97.503,0.375,0.0,0.624,0.0,4014080.0,1142059.0,392962.0,3175690240.0,961863680.0,16513392640.0,380149760.0,0.0,0.0,
0.499,1.621,96.758,0.0,0.125,0.998,0.0,360448.0,1611745.0,880604.0,3175485440.0,961888256.0,16514260992.0,379461632.0,0.0,0.0,
0.501,2.503,95.620,0.0,0.0,1.377,0.0,32768.0,1823169.0,1046247.0,3175858176.0,962007040.0,16515420160.0,377810944.0,0.0,0.0,
0.747,1.619,96.513,0.0,0.125,0.996,0.0,0.0,3187398.0,2189673.0,3175415808.0,962011136.0,16516739072.0,376930304.0,0.0,0.0,
0.750,3.0,94.250,0.0,0.0,2.0,0.0,0.0,2608197.0,1029004.0,3176103936.0,962146304.0,16518328320.0,374517760.0,0.0,0.0,
1.500,5.0,90.625,0.750,0.125,2.0,0.0,17842176.0,3629921.0,2000539.0,3178778624.0,962396160.0,16519876608.0,370044928.0,0.0,0.0,
0.749,2.871,94.507,0.0,0.125,1.748,0.0,1351680.0,2324086.0,1883523.0,3177295872.0,962588672.0,16521039872.0,370171904.0,0.0,0.0,
0.625,2.750,95.0,0.0,0.0,1.625,0.0,57344.0,3083441.0,2268943.0,3177398272.0,962703360.0,16522588160.0,368406528.0,0.0,0.0,
0.623,1.995,95.885,0.0,0.125,1.372,0.0,0.0,2735445.0,1577846.0,3177320448.0,962809856.0,16524083200.0,366882816.0,0.0,0.0,
0.501,2.253,95.745,0.0,0.0,1.502,0.0,0.0,4439785.0,1670180.0,3177279488.0,962822144.0,16526651392.0,364343296.0,0.0,0.0,
0.499,1.372,96.509,0.623,0.125,0.873,0.0,17326080.0,1411707.0,1536752.0,3177549824.0,962842624.0,16527765504.0,362938368.0,0.0,0.0,
0.625,1.250,97.375,0.0,0.0,0.750,0.0,393216.0,1867049.0,2155784.0,3177783296.0,962850816.0,16529055744.0,361406464.0,0.0,0.0,
0.749,0.749,98.002,0.0,0.0,0.499,0.0,32768.0,1602276.0,1211553.0,3178135552.0,962867200.0,16529846272.0,360247296.0,0.0,0.0,
0.500,0.750,98.125,0.0,0.0,0.625,0.0,0.0,1926345.0,2105022.0,3178196992.0,962883584.0,16531902464.0,358113280.0,0.0,0.0,
0.623,0.499,98.628,0.0,0.0,0.249,0.0,0.0,2806256.0,1873065.0,3177881600.0,962891776.0,16533114880.0,357208064.0,0.0,0.0,
0.375,0.375,98.748,0.375,0.0,0.125,0.0,14123008.0,239793.0,674210.0,3177807872.0,962908160.0,16533188608.0,357191680.0,0.0,0.0,
0.375,0.125,99.375,0.0,0.0,0.125,0.0,0.0,146918.0,519693.0,3178053632.0,962908160.0,16533204992.0,356929536.0,0.0,0.0,
0.250,0.250,99.251,0.0,0.0,0.250,0.0,32768.0,206096.0,1687215.0,3177791488.0,962916352.0,16533303296.0,357085184.0,0.0,0.0,
0.249,0.249,99.252,0.0,0.125,0.125,0.0,0.0,110401.0,761727.0,3177783296.0,962916352.0,16533311488.0,357085184.0,0.0,0.0,
0.250,0.125,99.500,0.0,0.0,0.125,0.0,0.0,96411.0,442291.0,3177488384.0,962916352.0,16533352448.0,357339136.0,0.0,0.0,
0.250,0.125,99.625,0.0,0.0,0.0,0.0,614400.0,91803.0,912142.0,3177623552.0,962924544.0,16533344256.0,357203968.0,0.0,0.0,
0.125,0.250,99.501,0.0,0.0,0.125,0.0,24576.0,58213.0,55424.0,3177467904.0,962928640.0,16533356544.0,357343232.0,0.0,0.0,
0.250,0.0,99.625,0.0,0.0,0.125,0.0,32768.0,48085.0,46433.0,3177332736.0,962936832.0,16533356544.0,357470208.0,0.0,0.0,
0.125,0.0,99.875,0.0,0.0,0.0,0.0,0.0,58051.0,16684.0,3177320448.0,962936832.0,16533368832.0,357470208.0,0.0,0.0,
0.249,0.125,99.501,0.0,0.0,0.125,0.0,0.0,51218.0,17120.0,3177185280.0,962936832.0,16533377024.0,357597184.0,0.0,0.0,
0.0,0.125,99.750,0.125,0.0,0.0,0.0,417792.0,85504.0,48754.0,3176943616.0,962945024.0,16533422080.0,357785600.0,0.0,0.0,
0.250,0.0,99.750,0.0,0.0,0.0,0.0,40960.0,75474.0,13994.0,3177062400.0,962953216.0,16533422080.0,357658624.0,0.0,0.0,
0.250,0.125,99.625,0.0,0.0,0.0,0.0,32768.0,111652.0,15298.0,3176947712.0,962961408.0,16533520384.0,357666816.0,0.0,0.0,
0.125,0.0,99.750,0.0,0.0,0.125,0.0,0.0,102841.0,14962.0,3176931328.0,962961408.0,16533528576.0,357675008.0,0.0,0.0,
0.0,0.125,99.875,0.0,0.0,0.0,0.0,0.0,95674.0,14620.0,3176820736.0,962961408.0,16533590016.0,357724160.0,0.0,0.0,
0.374,0.125,99.377,0.0,0.0,0.125,0.0,0.0,89482.0,19759.0,3177836544.0,962961408.0,16533590016.0,356708352.0,0.0,0.0,
0.0,0.375,99.625,0.0,0.0,0.0,0.0,3063808.0,198201.0,33479.0,3177791488.0,962973696.0,16533749760.0,356581376.0,0.0,0.0,
0.250,0.250,99.375,0.0,0.0,0.125,0.0,32768.0,205358.0,37775.0,3178487808.0,962985984.0,16533786624.0,355835904.0,0.0,0.0,
0.499,0.499,98.502,0.0,0.0,0.499,0.0,0.0,670711.0,140769.0,3177713664.0,962990080.0,16534290432.0,356102144.0,0.0,0.0,
0.375,0.875,98.250,0.0,0.0,0.500,0.0,0.0,1068072.0,308099.0,3177779200.0,962990080.0,16534478848.0,355848192.0,0.0,0.0,
0.374,1.247,97.756,0.0,0.125,0.499,0.0,0.0,1010926.0,440985.0,3177938944.0,962994176.0,16535289856.0,354873344.0,0.0,0.0,
0.375,1.373,97.129,0.375,0.0,0.749,0.0,5898240.0,1117563.0,505223.0,3177304064.0,963006464.0,16536293376.0,354492416.0,0.0,0.0,
0.499,1.623,96.879,0.0,0.0,0.999,0.0,106496.0,1679232.0,738366.0,3177435136.0,963047424.0,16537714688.0,352899072.0,0.0,0.0,
0.500,1.750,97.125,0.0,0.0,0.625,0.0,0.0,2197396.0,1071708.0,3177193472.0,963084288.0,16538554368.0,352264192.0,0.0,0.0,
0.749,1.873,96.130,0.0,0.125,1.124,0.0,0.0,1828099.0,998935.0,3177623552.0,963125248.0,16539480064.0,350867456.0,0.0,0.0,
1.248,1.748,95.755,0.0,0.0,1.248,0.0,0.0,2306951.0,1207000.0,3177680896.0,963186688.0,16540512256.0,349716480.0,0.0,0.0,
0.375,2.375,95.375,0.750,0.125,1.0,0.0,13312000.0,1788261.0,1282223.0,3177598976.0,963244032.0,16541261824.0,348991488.0,0.0,0.0,
0.750,2.250,96.0,0.0,0.0,1.0,0.0,2359296.0,1992834.0,1517569.0,3177611264.0,963309568.0,16543096832.0,347078656.0,0.0,0.0,
0.623,1.746,96.509,0.0,0.0,1.122,0.0,0.0,2791361.0,1234851.0,3177730048.0,963342336.0,16546242560.0,343781376.0,0.0,0.0,
0.874,1.873,96.255,0.0,0.125,0.874,0.0,90112.0,6954478.0,1512072.0,3177857024.0,963395584.0,16550379520.0,339464192.0,0.0,0.0,
1.750,1.750,95.625,0.0,0.0,0.875,0.0,0.0,2402237.0,2064897.0,3182800896.0,963448832.0,16552091648.0,332754944.0,0.0,0.0,
0.499,1.623,95.880,0.874,0.0,1.124,0.0,28155904.0,3145053.0,1340471.0,3183489024.0,963481600.0,16553537536.0,330588160.0,0.0,0.0,
0.750,1.250,97.500,0.0,0.0,0.500,0.0,106496.0,1776140.0,2276029.0,3183116288.0,963526656.0,16555405312.0,329048064.0,0.0,0.0,
0.375,1.124,97.753,0.0,0.125,0.624,0.0,0.0,3123836.0,1808063.0,3183181824.0,963538944.0,16556986368.0,327389184.0,0.0,0.0,
0.500,0.875,98.250,0.0,0.0,0.375,0.0,0.0,2415474.0,855420.0,3183251456.0,963559424.0,16558272512.0,326012928.0,0.0,0.0,
0.250,0.624,98.752,0.0,0.0,0.375,0.0,73728.0,616618.0,585638.0,3183124480.0,963567616.0,16558399488.0,326004736.0,0.0,0.0,
0.499,0.624,97.878,0.499,0.0,0.499,0.0,14270464.0,948902.0,637403.0,3182981120.0,963588096.0,16559292416.0,325234688.0,0.0,0.0,
0.250,0.625,98.875,0.0,0.0,0.250,0.0,32768.0,233335.0,598220.0,3184242688.0,963600384.0,16559280128.0,323973120.0,0.0,0.0,
0.374,0.125,99.252,0.0,0.0,0.249,0.0,0.0,320952.0,538013.0,3183362048.0,963600384.0,16559427584.0,324706304.0,0.0,0.0,
0.375,0.250,99.250,0.0,0.0,0.125,0.0,0.0,143438.0,255845.0,3183489024.0,963604480.0,16559423488.0,324579328.0,0.0,0.0,
0.125,0.0,99.750,0.0,0.0,0.125,0.0,0.0,147004.0,286426.0,3183276032.0,963604480.0,16559509504.0,324706304.0,0.0,0.0,
0.249,0.249,99.377,0.125,0.0,0.0,0.0,1089536.0,88698.0,146831.0,3183529984.0,963612672.0,16559501312.0,324452352.0,0.0,0.0,
0.125,0.125,99.625,0.0,0.0,0.125,0.0,32768.0,87362.0,131080.0,3183001600.0,963620864.0,16559579136.0,324894720.0,0.0,0.0,
0.250,0.0,99.750,0.0,0.0,0.0,0.0,0.0,125130.0,133012.0,3182874624.0,963620864.0,16559579136.0,325021696.0,0.0,0.0,
0.249,0.249,99.501,0.0,0.0,0.0,0.0,0.0,79483.0,101267.0,3182817280.0,963620864.0,16559640576.0,325017600.0,0.0,0.0,
0.125,0.0,99.750,0.0,0.0,0.125,0.0,0.0,40309.0,16833.0,3182698496.0,963620864.0,16559640576.0,325136384.0,0.0,0.0,
0.250,0.125,99.501,0.125,0.0,0.0,0.0,884736.0,59707.0,43025.0,3182325760.0,963633152.0,16559656960.0,325480448.0,0.0,0.0,
0.125,0.0,99.750,0.0,0.0,0.125,0.0,32768.0,50446.0,45836.0,3182194688.0,963641344.0,16559652864.0,325607424.0,0.0,0.0,
0.125,0.250,99.501,0.0,0.0,0.125,0.0,0.0,208373.0,40792.0,3182305280.0,963645440.0,16559796224.0,325349376.0,0.0,0.0,
0.250,0.624,98.876,0.0,0.0,0.250,0.0,0.0,385328.0,202179.0,3182678016.0,963653632.0,16559796224.0,324968448.0,0.0,0.0,
0.250,0.874,98.377,0.0,0.0,0.499,0.0,0.0,569659.0,158504.0,3182530560.0,963678208.0,16560308224.0,324579328.0,0.0,0.0,
0.125,0.375,99.0,0.250,0.0,0.250,0.0,5283840.0,794143.0,599358.0,3182784512.0,963686400.0,16560300032.0,324325376.0,0.0,0.0,
0.499,0.998,97.880,0.0,0.125,0.499,0.0,73728.0,665900.0,246433.0,3182841856.0,963719168.0,16561217536.0,323317760.0,0.0,0.0,
0.250,1.0,98.375,0.0,0.0,0.375,0.0,0.0,1605972.0,535447.0,3182796800.0,963739648.0,16561623040.0,322936832.0,0.0,0.0,
0.500,1.250,97.500,0.0,0.0,0.750,0.0,0.0,1034298.0,718172.0,3182723072.0,963776512.0,16562442240.0,322154496.0,0.0,0.0,
0.499,1.498,97.004,0.0,0.0,0.999,0.0,0.0,1590718.0,883012.0,3182161920.0,963792896.0,16563621888.0,321519616.0,0.0,0.0,
0.624,1.248,96.879,0.250,0.125,0.874,0.0,8060928.0,1395472.0,969475.0,3182714880.0,963813376.0,16563683328.0,320884736.0,0.0,0.0,
0.500,1.250,97.750,0.0,0.0,0.500,0.0,32768.0,1476296.0,812895.0,3182403584.0,963858432.0,16564838400.0,319995904.0,0.0,0.0,
0.250,1.373,97.503,0.0,0.0,0.874,0.0,0.0,1567558.0,1015331.0,3182551040.0,963878912.0,16565055488.0,319610880.0,0.0,0.0,
0.625,1.625,96.750,0.0,0.125,0.875,0.0,73728.0,2013939.0,959962.0,3182583808.0,963919872.0,16567013376.0,317579264.0,0.0,0.0,
0.499,0.998,98.005,0.0,0.0,0.499,0.0,0.0,1846457.0,1024022.0,3182624768.0,963940352.0,16567459840.0,317071360.0,0.0,0.0,
0.375,1.502,96.496,0.751,0.0,0.876,0.0,12861440.0,1686378.0,911835.0,3182673920.0,963977216.0,16569024512.0,315420672.0,0.0,0.0,
0.624,1.124,97.628,0.0,0.125,0.499,0.0,57344.0,1779825.0,885813.0,3182927872.0,964005888.0,16570646528.0,313516032.0,0.0,0.0,
0.499,1.748,96.879,0.0,0.0,0.874,0.0,0.0,2895519.0,1067827.0,3182764032.0,964046848.0,16574197760.0,310087680.0,0.0,0.0,
0.500,1.375,97.500,0.0,0.0,0.625,0.0,81920.0,7138165.0,1214245.0,3183210496.0,964096000.0,16578146304.0,305643520.0,0.0,0.0,
0.499,1.247,97.382,0.0,0.125,0.748,0.0,0.0,1642382.0,889633.0,3183353856.0,964165632.0,16581750784.0,301826048.0,0.0,0.0,
0.500,1.500,95.375,1.750,0.0,0.875,0.0,30466048.0,4704274.0,945879.0,3183407104.0,964214784.0,16584232960.0,299241472.0,0.0,0.0,
0.375,1.124,98.002,0.0,0.0,0.499,0.0,32768.0,2478273.0,745367.0,3183222784.0,964247552.0,16585400320.0,298225664.0,0.0,0.0,
0.375,1.625,97.500,0.0,0.0,0.500,0.0,0.0,1611361.0,763663.0,3183538176.0,964378624.0,16585592832.0,297586688.0,0.0,0.0,
0.250,1.124,98.002,0.0,0.125,0.499,0.0,0.0,2733616.0,927991.0,3183579136.0,964452352.0,16587509760.0,295555072.0,0.0,0.0,
0.375,0.874,98.502,0.0,0.0,0.250,0.0,106496.0,605992.0,699513.0,3183222784.0,964460544.0,16587776000.0,295636992.0,0.0,0.0,
0.375,0.749,97.503,0.874,0.0,0.499,0.0,14180352.0,1379480.0,1930077.0,3183988736.0,964489216.0,16588251136.0,294367232.0,0.0,0.0,
0.250,0.250,99.250,0.0,0.0,0.250,0.0,32768.0,478035.0,959587.0,3183235072.0,964505600.0,16588988416.0,294367232.0,0.0,0.0,
0.250,0.375,99.126,0.0,0.0,0.250,0.0,0.0,1168627.0,385073.0,3183456256.0,964526080.0,16589762560.0,293351424.0,0.0,0.0,
0.375,0.499,98.876,0.0,0.0,0.250,0.0,0.0,500231.0,454162.0,3183058944.0,964538368.0,16590147584.0,293351424.0,0.0,0.0,
0.125,0.499,99.126,0.0,0.0,0.250,0.0,0.0,280396.0,881830.0,3183194112.0,964554752.0,16590131200.0,293216256.0,0.0,0.0,
0.250,0.250,99.001,0.250,0.0,0.250,0.0,3981312.0,213351.0,681491.0,3183075328.0,964567040.0,16590229504.0,293224448.0,0.0,0.0,
0.250,0.250,99.499,0.0,0.0,0.0,0.0,32768.0,154381.0,298240.0,3183837184.0,964575232.0,16590221312.0,292462592.0,0.0,0.0,
0.125,0.125,99.625,0.0,0.0,0.125,0.0,0.0,66984.0,75349.0,3183718400.0,964575232.0,16590290944.0,292511744.0,0.0,0.0,
0.249,0.374,99.252,0.0,0.0,0.125,0.0,0.0,257194.0,163170.0,3183591424.0,964579328.0,16590286848.0,292638720.0,0.0,0.0,
0.375,0.250,99.250,0.0,0.0,0.125,0.0,0.0,120299.0,160136.0,3183255552.0,964587520.0,16590479360.0,292773888.0,0.0,0.0,
0.375,0.250,99.250,0.0,0.0,0.125,0.0,1449984.0,371162.0,187490.0,3183382528.0,964603904.0,16590462976.0,292646912.0,0.0,0.0,
0.250,0.499,99.001,0.0,0.0,0.250,0.0,73728.0,349253.0,131425.0,3183276032.0,964636672.0,16591216640.0,291966976.0,0.0,0.0,
0.125,0.500,99.125,0.0,0.0,0.250,0.0,0.0,1015501.0,301704.0,3183132672.0,964653056.0,16591597568.0,291713024.0,0.0,0.0,
0.250,0.749,98.502,0.0,0.125,0.375,0.0,0.0,639385.0,289846.0,3183038464.0,964677632.0,16592039936.0,291340288.0,0.0,0.0,
0.375,0.874,98.377,0.0,0.0,0.375,0.0,0.0,830088.0,417660.0,3183403008.0,964710400.0,16592404480.0,290578432.0,0.0,0.0,
0.375,1.124,97.378,0.499,0.0,0.624,0.0,7233536.0,926133.0,476152.0,3183079424.0,964755456.0,16593006592.0,290254848.0,0.0,0.0,
0.375,1.0,98.0,0.125,0.0,0.500,0.0,2359296.0,976941.0,570927.0,3182485504.0,964825088.0,16594554880.0,289230848.0,0.0,0.0,
0.375,0.874,98.252,0.0,0.0,0.499,0.0,0.0,1971469.0,678250.0,3182706688.0,964857856.0,16594935808.0,288595968.0,0.0,0.0,
0.500,1.250,97.500,0.0,0.0,0.750,0.0,0.0,2078603.0,598711.0,3182825472.0,964902912.0,16596541440.0,286826496.0,0.0,0.0,
0.499,0.999,97.878,0.0,0.0,0.624,0.0,0.0,1408695.0,893183.0,3182776320.0,964943872.0,16597295104.0,286081024.0,0.0,0.0,
0.500,1.125,97.375,0.500,0.0,0.500,0.0,11796480.0,1480043.0,763039.0,3183013888.0,964947968.0,16597688320.0,285446144.0,0.0,0.0,
0.499,0.749,98.002,0.0,0.0,0.749,0.0,196608.0,806477.0,805712.0,3182706688.0,964960256.0,16599117824.0,284311552.0,0.0,0.0,
0.250,0.999,98.127,0.0,0.125,0.499,0.0,0.0,1993943.0,823153.0,3182997504.0,964968448.0,16601104384.0,282025984.0,0.0,0.0,
0.500,1.0,98.0,0.0,0.0,0.500,0.0,0.0,2464258.0,643595.0,3182989312.0,964968448.0,16601616384.0,281522176.0,0.0,0.0,
0.499,0.748,98.379,0.0,0.0,0.374,0.0,0.0,880196.0,659945.0,3182854144.0,964972544.0,16602009600.0,281260032.0,0.0,0.0,
0.375,0.750,98.125,0.375,0.0,0.375,0.0,11780096.0,936988.0,785854.0,3182981120.0,964980736.0,16603017216.0,280117248.0,0.0,0.0,
0.374,1.122,97.880,0.0,0.0,0.623,0.0,131072.0,1377623.0,578413.0,3183087616.0,965005312.0,16605798400.0,277204992.0,0.0,0.0,
0.375,1.0,97.875,0.0,0.0,0.750,0.0,0.0,4255279.0,742115.0,3183509504.0,965025792.0,16609832960.0,272728064.0,0.0,0.0,
0.375,1.0,98.125,0.0,0.0,0.500,0.0,0.0,6796680.0,857956.0,3183124480.0,965033984.0,16614653952.0,268283904.0,0.0,0.0,
0.375,1.248,97.753,0.0,0.0,0.624,0.0,0.0,2305104.0,666399.0,3183738880.0,965033984.0,16615690240.0,266633216.0,0.0,0.0,
0.375,0.999,97.253,0.999,0.0,0.375,0.0,32284672.0,3510188.0,625065.0,3183861760.0,965042176.0,16618098688.0,264093696.0,0.0,0.0,
0.375,0.624,98.627,0.0,0.0,0.375,0.0,32768.0,1149168.0,437737.0,3183865856.0,965054464.0,16619819008.0,262356992.0,0.0,0.0,
0.375,0.625,98.500,0.0,0.0,0.500,0.0,0.0,2514858.0,478738.0,3183767552.0,965070848.0,16621424640.0,260833280.0,0.0,0.0,
0.499,0.999,98.127,0.0,0.0,0.375,0.0,57344.0,1954347.0,659752.0,3183693824.0,965074944.0,16622755840.0,259571712.0,0.0,0.0,
0.250,0.501,98.874,0.0,0.0,0.375,0.0,0.0,1519025.0,658160.0,3183955968.0,965083136.0,16622747648.0,259309568.0,0.0,0.0,
0.249,0.623,98.257,0.498,0.0,0.374,0.0,13312000.0,719680.0,604155.0,3183800320.0,965103616.0,16624287744.0,257904640.0,0.0,0.0,
0.250,0.749,98.627,0.0,0.0,0.375,0.0,32768.0,1471040.0,1068536.0,3183648768.0,965120000.0,16624676864.0,257650688.0,0.0,0.0,
0.125,0.626,98.999,0.0,0.0,0.250,0.0,0.0,876732.0,463739.0,3183722496.0,965132288.0,16625082368.0,257159168.0,0.0,0.0,
0.249,0.498,98.755,0.0,0.125,0.374,0.0,0.0,443498.0,491330.0,3183714304.0,965132288.0,16625094656.0,257155072.0,0.0,0.0,
0.375,0.501,98.999,0.0,0.0,0.125,0.0,40960.0,396143.0,810264.0,3183472640.0,965144576.0,16625430528.0,257048576.0,0.0,0.0,
0.500,0.625,98.375,0.125,0.0,0.375,0.0,5160960.0,376710.0,740893.0,3183595520.0,965160960.0,16625418240.0,256921600.0,0.0,0.0,
0.249,0.499,99.002,0.0,0.0,0.249,0.0,32768.0,498399.0,389061.0,3183398912.0,965173248.0,16625729536.0,256794624.0,0.0,0.0,
0.375,0.625,98.625,0.0,0.0,0.375,0.0,0.0,477724.0,339060.0,3183587328.0,965185536.0,16626925568.0,255397888.0,0.0,0.0,
0.250,0.625,98.625,0.0,0.0,0.500,0.0,0.0,1700379.0,544651.0,3183714304.0,965201920.0,16627105792.0,255074304.0,0.0,0.0,
0.375,0.875,98.250,0.0,0.0,0.500,0.0,0.0,716551.0,459136.0,3183972352.0,965226496.0,16627212288.0,254685184.0,0.0,0.0,
0.499,1.122,97.631,0.249,0.0,0.499,0.0,6045696.0,858389.0,664139.0,3183767552.0,965251072.0,16627892224.0,254185472.0,0.0,0.0,
0.624,0.749,98.002,0.0,0.125,0.499,0.0,32768.0,761587.0,542677.0,3183714304.0,965267456.0,16628690944.0,253423616.0,0.0,0.0,
0.375,1.124,97.753,0.0,0.0,0.749,0.0,0.0,1630710.0,733932.0,3183730688.0,965287936.0,16629186560.0,252891136.0,0.0,0.0,
0.250,0.875,98.375,0.0,0.0,0.500,0.0,0.0,1313945.0,718644.0,3183734784.0,965308416.0,16630054912.0,251998208.0,0.0,0.0,
0.375,0.750,98.500,0.0,0.0,0.375,0.0,0.0,1004342.0,594344.0,3184001024.0,965324800.0,16632057856.0,249712640.0,0.0,0.0,
0.623,0.873,97.631,0.374,0.125,0.374,0.0,13410304.0,2769414.0,526626.0,3183509504.0,965328896.0,16633307136.0,248950784.0,0.0,0.0,
0.499,0.999,98.002,0.0,0.0,0.499,0.0,65536.0,1151656.0,622961.0,3183898624.0,965369856.0,16633569280.0,248258560.0,0.0,0.0,
0.625,1.250,97.375,0.0,0.0,0.750,0.0,0.0,1224186.0,975572.0,3184177152.0,965410816.0,16633630720.0,247877632.0,0.0,0.0,
0.375,1.124,98.002,0.0,0.0,0.499,0.0,0.0,915667.0,864388.0,3183865856.0,965419008.0,16634314752.0,247496704.0,0.0,0.0,
0.625,0.875,98.0,0.0,0.0,0.500,0.0,0.0,928664.0,450052.0,3183738880.0,965459968.0,16635932672.0,245964800.0,0.0,0.0,
0.375,0.999,97.753,0.250,0.0,0.624,0.0,8273920.0,2032219.0,685819.0,3183779840.0,965468160.0,16636071936.0,245776384.0,0.0,0.0,
0.375,0.626,98.623,0.0,0.0,0.375,0.0,106496.0,486124.0,564143.0,3183824896.0,965484544.0,16637026304.0,244760576.0,0.0,0.0,
0.374,0.748,98.254,0.0,0.125,0.499,0.0,0.0,3114696.0,669724.0,3184054272.0,965509120.0,16641597440.0,239935488.0,0.0,0.0,
0.375,0.749,98.627,0.0,0.0,0.250,0.0,0.0,3594837.0,576481.0,3183984640.0,965513216.0,16642043904.0,239554560.0,0.0,0.0,
0.375,0.750,98.500,0.0,0.0,0.375,0.0,0.0,661609.0,522991.0,3184230400.0,965517312.0,16643244032.0,238104576.0,0.0,0.0,
0.499,0.873,97.880,0.374,0.0,0.374,0.0,18014208.0,1552045.0,525786.0,3183759360.0,965537792.0,16644456448.0,237342720.0,0.0,0.0,
0.251,0.752,98.622,0.0,0.0,0.376,0.0,32768.0,1302834.0,461815.0,3184533504.0,965562368.0,16646070272.0,234930176.0,0.0,0.0,
0.249,0.873,98.254,0.0,0.0,0.623,0.0,0.0,3845953.0,621308.0,3184455680.0,965578752.0,16648925184.0,232136704.0,0.0,0.0,
0.375,1.248,97.878,0.0,0.0,0.499,0.0,81920.0,4855056.0,561289.0,3184406528.0,965595136.0,16653651968.0,227442688.0,0.0,0.0,
0.125,0.625,98.875,0.0,0.125,0.250,0.0,0.0,2705353.0,1052214.0,3183788032.0,965611520.0,16655278080.0,226418688.0,0.0,0.0,
0.623,0.873,96.758,1.372,0.0,0.374,0.0,27418624.0,2739865.0,367497.0,3184459776.0,965627904.0,16657764352.0,223244288.0,0.0,0.0,
0.250,0.625,98.750,0.0,0.0,0.375,0.0,32768.0,2108488.0,456316.0,3184345088.0,965656576.0,16658612224.0,222482432.0,0.0,0.0,
0.250,0.624,98.752,0.0,0.0,0.375,0.0,0.0,935841.0,533055.0,3184173056.0,965664768.0,16658845696.0,222412800.0,0.0,0.0,
0.499,0.499,98.752,0.0,0.0,0.250,0.0,0.0,575619.0,457394.0,3184402432.0,965672960.0,16659243008.0,221777920.0,0.0,0.0,
0.250,0.625,98.875,0.0,0.0,0.250,0.0,0.0,782039.0,410441.0,3184123904.0,965677056.0,16659644416.0,221650944.0,0.0,0.0,
0.374,0.623,98.130,0.499,0.125,0.249,0.0,7921664.0,536025.0,348348.0,3184582656.0,965701632.0,16660811776.0,220000256.0,0.0,0.0,
0.250,0.625,98.750,0.0,0.0,0.375,0.0,32768.0,1811816.0,352385.0,3184398336.0,965734400.0,16662106112.0,218857472.0,0.0,0.0,
0.499,0.499,98.627,0.0,0.0,0.375,0.0,0.0,1718837.0,429648.0,3184484352.0,965750784.0,16662511616.0,218349568.0,0.0,0.0,
0.250,1.124,98.002,0.0,0.0,0.624,0.0,0.0,867578.0,449558.0,3184377856.0,965779456.0,16663097344.0,217841664.0,0.0,0.0,
0.375,0.875,98.250,0.0,0.0,0.500,0.0,0.0,784286.0,666460.0,3185274880.0,965808128.0,16663068672.0,216944640.0,0.0,0.0,
0.250,0.875,98.125,0.375,0.0,0.375,0.0,9437184.0,736232.0,553167.0,3185078272.0,965849088.0,16664498176.0,215670784.0,0.0,0.0,
0.499,0.999,98.002,0.0,0.0,0.499,0.0,2334720.0,1594175.0,441808.0,3184361472.0,965890048.0,16665690112.0,215154688.0,0.0,0.0,
0.375,0.624,98.502,0.0,0.125,0.375,0.0,49152.0,1478875.0,659493.0,3184852992.0,965910528.0,16666447872.0,213884928.0,0.0,0.0,
0.499,1.124,97.878,0.0,0.0,0.499,0.0,0.0,1531194.0,518299.0,3185168384.0,965951488.0,16667234304.0,212742144.0,0.0,0.0,
0.375,0.750,98.500,0.0,0.0,0.375,0.0,0.0,1025111.0,657868.0,3184934912.0,965976064.0,16668315648.0,211869696.0,0.0,0.0,
0.375,0.749,98.127,0.375,0.0,0.375,0.0,13000704.0,1113053.0,635068.0,3185451008.0,966004736.0,16669548544.0,210092032.0,0.0,0.0,
0.499,0.999,98.002,0.0,0.0,0.499,0.0,106496.0,1802462.0,506192.0,3185381376.0,966041600.0,16670216192.0,209457152.0,0.0,0.0,
0.500,0.750,98.375,0.0,0.0,0.375,0.0,0.0,2373075.0,675237.0,3185123328.0,966062080.0,16672993280.0,206917632.0,0.0,0.0,
0.375,1.0,98.250,0.0,0.0,0.375,0.0,0.0,1825158.0,590372.0,3185688576.0,966098944.0,16673112064.0,206196736.0,0.0,0.0,
0.374,0.748,98.254,0.0,0.125,0.499,0.0,32768.0,993773.0,1502562.0,3185393664.0,966131712.0,16674271232.0,205299712.0,0.0,0.0,
1.0,1.125,96.875,0.375,0.0,0.625,0.0,13647872.0,1630815.0,667007.0,3185434624.0,966176768.0,16674693120.0,204791808.0,0.0,0.0,
0.500,0.625,98.375,0.0,0.0,0.500,0.0,32768.0,1014470.0,725694.0,3185119232.0,966209536.0,16675475456.0,204292096.0,0.0,0.0,
0.499,0.748,98.130,0.0,0.125,0.499,0.0,0.0,1251547.0,490522.0,3185410048.0,966230016.0,16677285888.0,202170368.0,0.0,0.0,
0.250,0.500,99.0,0.0,0.0,0.250,0.0,0.0,2138731.0,601219.0,3185565696.0,966246400.0,16677367808.0,201916416.0,0.0,0.0,
0.375,0.749,98.627,0.0,0.0,0.250,0.0,0.0,412474.0,349602.0,3185422336.0,966270976.0,16678502400.0,200900608.0,0.0,0.0,
0.250,0.375,98.752,0.375,0.0,0.250,0.0,11190272.0,1363081.0,557692.0,3185373184.0,966291456.0,16679673856.0,199757824.0,0.0,0.0,
0.250,0.375,99.0,0.0,0.0,0.375,0.0,57344.0,1369080.0,295716.0,3185377280.0,966311936.0,16681836544.0,197570560.0,0.0,0.0,
0.624,0.499,98.502,0.0,0.0,0.375,0.0,0.0,2895384.0,439480.0,3185405952.0,966324224.0,16684208128.0,195158016.0,0.0,0.0,
0.375,0.750,98.500,0.0,0.0,0.375,0.0,0.0,2934057.0,402978.0,3185381376.0,966356992.0,16685334528.0,194023424.0,0.0,0.0,
0.873,0.748,97.880,0.0,0.0,0.499,0.0,0.0,986364.0,508118.0,3185643520.0,966381568.0,16685309952.0,193761280.0,0.0,0.0,
0.125,0.750,98.375,0.375,0.0,0.375,0.0,15081472.0,611460.0,381801.0,3185328128.0,966426624.0,16686174208.0,193167360.0,0.0,0.0,
0.250,0.500,99.0,0.0,0.0,0.250,0.0,32768.0,943501.0,356308.0,3185152000.0,966447104.0,16687345664.0,192151552.0,0.0,0.0,
0.250,0.375,99.126,0.0,0.0,0.250,0.0,0.0,1938477.0,346458.0,3185840128.0,966447104.0,16689324032.0,189485056.0,0.0,0.0,
0.374,0.998,98.130,0.0,0.0,0.499,0.0,0.0,5422965.0,391263.0,3186040832.0,966475776.0,16693665792.0,184913920.0,0.0,0.0,
0.375,0.625,98.625,0.0,0.0,0.375,0.0,0.0,1754213.0,435521.0,3186110464.0,966500352.0,16696377344.0,182108160.0,0.0,0.0,
0.250,0.749,97.253,1.124,0.125,0.499,0.0,24199168.0,3166906.0,574681.0,3186171904.0,966533120.0,16697933824.0,180457472.0,0.0,0.0,
1.250,0.625,97.750,0.0,0.0,0.375,0.0,32768.0,1936086.0,455236.0,3185848320.0,966561792.0,16698482688.0,180203520.0,0.0,0.0,
0.125,0.750,98.750,0.0,0.0,0.375,0.0,0.0,671239.0,329771.0,3186036736.0,966586368.0,16700047360.0,178425856.0,0.0,0.0,
0.375,0.874,98.127,0.0,0.0,0.624,0.0,0.0,1974225.0,489545.0,3185655808.0,966615040.0,16700219392.0,178606080.0,0.0,0.0,
0.250,0.874,98.377,0.0,0.0,0.499,0.0,0.0,661613.0,527752.0,3186171904.0,966631424.0,16700203008.0,178089984.0,0.0,0.0,
0.375,0.625,98.125,0.500,0.0,0.375,0.0,9256960.0,688174.0,571374.0,3186012160.0,966672384.0,16701972480.0,176439296.0,0.0,0.0,
0.375,0.999,97.878,0.0,0.125,0.624,0.0,32768.0,1989688.0,501088.0,3186057216.0,966713344.0,16703918080.0,174407680.0,0.0,0.0,
0.375,0.874,98.252,0.0,0.0,0.499,0.0,0.0,2629056.0,834021.0,3186139136.0,966742016.0,16704528384.0,173686784.0,0.0,0.0,
0.499,1.498,97.253,0.0,0.0,0.749,0.0,0.0,1372853.0,617670.0,3185836032.0,966742016.0,16705720320.0,172797952.0,0.0,0.0,
0.499,0.749,98.377,0.0,0.0,0.375,0.0,0.0,1305792.0,844483.0,3186647040.0,966742016.0,16705798144.0,171909120.0,0.0,0.0,
0.500,1.0,97.750,0.250,0.0,0.500,0.0,13369344.0,1127479.0,447101.0,3186089984.0,966754304.0,16706977792.0,171274240.0,0.0,0.0,
0.250,0.999,97.878,0.125,0.125,0.624,0.0,57344.0,1209169.0,712994.0,3186057216.0,966774784.0,16707461120.0,170803200.0,0.0,0.0,
0.499,0.999,98.002,0.0,0.0,0.499,0.0,0.0,1472933.0,674927.0,3186278400.0,966782976.0,16708247552.0,169787392.0,0.0,0.0,
0.250,0.874,98.377,0.0,0.0,0.499,0.0,0.0,842220.0,920520.0,3186425856.0,966787072.0,16709619712.0,168263680.0,0.0,0.0,
0.375,0.500,98.625,0.0,0.125,0.375,0.0,0.0,2060561.0,515180.0,3186479104.0,966791168.0,16711602176.0,166223872.0,0.0,0.0,
0.375,1.0,97.625,0.625,0.0,0.375,0.0,15605760.0,2382742.0,491376.0,3186409472.0,966807552.0,16713404416.0,164474880.0,0.0,0.0,
0.250,0.875,98.500,0.0,0.0,0.375,0.0,32768.0,2244521.0,600998.0,3186614272.0,966836224.0,16714567680.0,163078144.0,0.0,0.0,
0.375,1.373,97.878,0.0,0.0,0.375,0.0,24576.0,1740469.0,917939.0,3186991104.0,966897664.0,16715907072.0,161300480.0,0.0,0.0,
0.249,0.748,98.379,0.0,0.125,0.499,0.0,0.0,2045824.0,1277041.0,3186450432.0,966918144.0,16716681216.0,161046528.0,0.0,0.0,
0.375,0.375,99.0,0.0,0.0,0.250,0.0,0.0,774079.0,475240.0,3186266112.0,966922240.0,16718467072.0,159440896.0,0.0,0.0,
0.375,0.749,98.127,0.375,0.0,0.375,0.0,13656064.0,2130020.0,422937.0,3186597888.0,966938624.0,16719642624.0,157917184.0,0.0,0.0,
0.374,0.748,98.504,0.0,0.0,0.374,0.0,57344.0,1588157.0,496991.0,3186716672.0,966955008.0,16721793024.0,155631616.0,0.0,0.0,
0.250,0.500,99.0,0.0,0.0,0.250,0.0,0.0,2848211.0,471016.0,3186286592.0,966963200.0,16722976768.0,154869760.0,0.0,0.0,
0.250,0.375,99.249,0.0,0.0,0.125,0.0,0.0,879213.0,405322.0,3186253824.0,966963200.0,16722972672.0,154906624.0,0.0,0.0,
0.374,0.374,99.002,0.0,0.0,0.249,0.0,0.0,321589.0,299585.0,3186737152.0,966971392.0,16723759104.0,153628672.0,0.0,0.0,
0.250,0.751,98.248,0.375,0.0,0.375,0.0,13172736.0,1291095.0,359615.0,3186802688.0,966991872.0,16725577728.0,151724032.0,0.0,0.0,
0.499,0.748,98.130,0.0,0.125,0.499,0.0,32768.0,2230064.0,411029.0,3186610176.0,967004160.0,16727154688.0,150327296.0,0.0,0.0,
0.375,0.999,98.252,0.0,0.0,0.375,0.0,0.0,1844520.0,458893.0,3186765824.0,967020544.0,16729948160.0,147361792.0,0.0,0.0,
0.250,0.500,99.0,0.0,0.0,0.250,0.0,0.0,4065832.0,466088.0,3186987008.0,967032832.0,16730730496.0,146345984.0,0.0,0.0,
0.250,0.749,98.627,0.0,0.0,0.375,0.0,0.0,637093.0,349475.0,3186556928.0,967032832.0,16731287552.0,146219008.0,0.0,0.0,
0.125,0.625,98.625,0.375,0.0,0.250,0.0,16867328.0,677440.0,432798.0,3186999296.0,967045120.0,16732864512.0,144187392.0,0.0,0.0,
0.374,0.623,98.628,0.0,0.0,0.374,0.0,32768.0,1932406.0,332532.0,3186536448.0,967057408.0,16734199808.0,143302656.0,0.0,0.0,
0.500,0.875,98.125,0.0,0.0,0.500,0.0,0.0,1540583.0,438652.0,3187294208.0,967061504.0,16737374208.0,139366400.0,0.0,0.0,
0.499,0.749,98.377,0.0,0.0,0.375,0.0,0.0,4455875.0,560045.0,3187412992.0,967090176.0,16740274176.0,136318976.0,0.0,0.0,
0.250,0.750,98.500,0.0,0.0,0.500,0.0,0.0,3022742.0,406158.0,3187101696.0,967106560.0,16741847040.0,135041024.0,0.0,0.0,
0.249,1.122,97.382,0.623,0.125,0.499,0.0,22732800.0,1773618.0,522909.0,3187306496.0,967118848.0,16742273024.0,134397952.0,0.0,0.0,
0.375,0.875,97.875,0.250,0.0,0.625,0.0,2334720.0,1082371.0,521333.0,3187326976.0,967163904.0,16745009152.0,131596288.0,0.0,0.0,
1.373,0.874,97.253,0.0,0.0,0.499,0.0,0.0,3209211.0,503647.0,3187527680.0,967172096.0,16745439232.0,130957312.0,0.0,0.0,
0.250,0.876,98.498,0.0,0.0,0.375,0.0,0.0,1036794.0,612049.0,3186843648.0,967192576.0,16746610688.0,130449408.0,0.0,0.0,
0.375,0.999,98.252,0.0,0.0,0.375,0.0,0.0,793650.0,460276.0,3187503104.0,967204864.0,16746463232.0,129925120.0,0.0,0.0,
0.374,0.748,97.631,0.623,0.0,0.623,0.0,11649024.0,979608.0,702571.0,3187867648.0,967221248.0,16746844160.0,129163264.0,0.0,0.0,
0.250,0.750,98.375,0.0,0.125,0.500,0.0,106496.0,1005161.0,513355.0,3187433472.0,967258112.0,16749146112.0,127258624.0,0.0,0.0,
2.871,0.999,95.755,0.0,0.0,0.375,0.0,0.0,2221625.0,509248.0,3187036160.0,967274496.0,16749527040.0,127258624.0,0.0,0.0,
0.375,0.749,98.377,0.0,0.0,0.499,0.0,0.0,1479397.0,670006.0,3186323456.0,967278592.0,16750764032.0,126730240.0,0.0,0.0,
0.250,0.999,98.127,0.0,0.0,0.624,0.0,0.0,1092736.0,642841.0,3186503680.0,967303168.0,16752726016.0,124563456.0,0.0,0.0,
0.250,1.0,97.875,0.500,0.0,0.375,0.0,16719872.0,2513970.0,667465.0,3186429952.0,967340032.0,16754540544.0,122785792.0,0.0,0.0,
0.375,0.624,98.752,0.0,0.0,0.250,0.0,32768.0,2201176.0,632602.0,3186405376.0,967364608.0,16754913280.0,122413056.0,0.0,0.0,
0.250,0.500,98.875,0.0,0.0,0.375,0.0,0.0,874787.0,555218.0,3186692096.0,967372800.0,16755970048.0,121061376.0,0.0,0.0,
0.499,0.874,98.002,0.375,0.0,0.250,8192.0,0.0,1563840.0,1182919.0,3186880512.0,967380992.0,16757551104.0,119283712.0,0.0,0.0,
0.250,0.749,98.502,0.0,0.125,0.375,0.0,0.0,2202153.0,520865.0,3186212864.0,967405568.0,16758956032.0,118521856.0,0.0,0.0,
0.499,0.624,97.878,0.499,0.0,0.499,0.0,13484032.0,1496900.0,470421.0,3186376704.0,967426048.0,16760922112.0,116371456.0,0.0,0.0,
0.125,0.625,98.875,0.0,0.0,0.375,0.0,32768.0,2169344.0,360964.0,3186196480.0,967450624.0,16762830848.0,114618368.0,0.0,0.0,
0.375,0.499,98.876,0.0,0.0,0.250,0.0,0.0,2465141.0,512268.0,3186798592.0,967462912.0,16763613184.0,113221632.0,0.0,0.0,
0.125,0.250,99.375,0.0,0.0,0.250,0.0,0.0,1327946.0,380395.0,3186286592.0,967467008.0,16764284928.0,113057792.0,0.0,0.0,
0.374,0.623,98.753,0.0,0.0,0.249,0.0,0.0,305594.0,184207.0,3186515968.0,967471104.0,16765075456.0,112033792.0,0.0,0.0,
0.500,0.625,98.250,0.375,0.0,0.250,0.0,16236544.0,1331790.0,439377.0,3186302976.0,967487488.0,16765919232.0,111386624.0,0.0,0.0,
0.250,0.500,99.125,0.0,0.0,0.125,0.0,81920.0,908402.0,207682.0,3186380800.0,967512064.0,16767086592.0,110116864.0,0.0,0.0,
0.375,0.999,98.127,0.0,0.0,0.499,0.0,0.0,1517999.0,297936.0,3186577408.0,967548928.0,16770535424.0,106434560.0,0.0,0.0,
0.250,0.500,99.0,0.0,0.0,0.250,0.0,0.0,4399863.0,526962.0,3186393088.0,967565312.0,16771710976.0,105426944.0,0.0,0.0,
0.250,0.500,99.0,0.0,0.0,0.250,0.0,0.0,745889.0,308306.0,3186487296.0,967573504.0,16772177920.0,104857600.0,0.0,0.0,
0.873,0.623,97.631,0.374,0.125,0.374,0.0,14925824.0,988995.0,351303.0,3186724864.0,967593984.0,16772554752.0,104222720.0,0.0,0.0,
0.375,0.874,98.252,0.0,0.0,0.499,0.0,32768.0,681201.0,290290.0,3186966528.0,967622656.0,16774189056.0,102318080.0,0.0,0.0,
0.375,0.500,98.875,0.0,0.0,0.250,0.0,81920.0,2452572.0,572420.0,3186520064.0,967634944.0,16775766016.0,101175296.0,0.0,0.0,
0.499,0.748,98.379,0.0,0.0,0.374,0.0,0.0,1425513.0,382943.0,3186790400.0,967655424.0,16776396800.0,100253696.0,0.0,0.0,
0.250,0.501,98.874,0.0,0.0,0.375,0.0,0.0,1307868.0,481855.0,3186524160.0,967675904.0,16776777728.0,100118528.0,0.0,0.0,
0.250,0.999,97.753,0.375,0.0,0.624,0.0,13189120.0,561599.0,363802.0,3186626560.0,967716864.0,16778276864.0,98476032.0,0.0,0.0,
0.375,0.874,98.377,0.0,0.0,0.375,0.0,32768.0,1964252.0,591871.0,3186495488.0,967737344.0,16781434880.0,95428608.0,0.0,0.0,
0.375,0.750,98.500,0.0,0.0,0.375,0.0,0.0,3550798.0,544516.0,3186819072.0,967749632.0,16784846848.0,91680768.0,0.0,0.0,
0.375,1.250,97.750,0.0,0.0,0.625,0.0,0.0,4313160.0,441958.0,3186679808.0,967786496.0,16786472960.0,90157056.0,0.0,0.0,
0.375,1.248,97.503,0.0,0.0,0.874,0.0,81920.0,1848006.0,798496.0,3186847744.0,967839744.0,16787648512.0,88760320.0,0.0,0.0,
0.250,0.749,97.878,0.749,0.0,0.375,0.0,22577152.0,2341366.0,980106.0,3186757632.0,967868416.0,16788463616.0,88006656.0,0.0,0.0,
0.499,0.873,98.130,0.0,0.125,0.374,0.0,32768.0,1003872.0,344259.0,3186241536.0,967897088.0,16790007808.0,86949888.0,0.0,0.0,
0.375,1.248,97.628,0.0,0.0,0.749,0.0,0.0,1700502.0,511505.0,3186868224.0,967946240.0,16791617536.0,84664320.0,0.0,0.0,
0.499,0.874,98.377,0.0,0.0,0.250,0.0,0.0,4191071.0,1030181.0,3186704384.0,967970816.0,16793407488.0,83013632.0,0.0,0.0,
0.125,0.751,98.748,0.0,0.0,0.375,0.0,0.0,632532.0,585904.0,3186753536.0,967995392.0,16794230784.0,82116608.0,0.0,0.0,
0.250,0.875,97.625,0.750,0.0,0.500,0.0,14737408.0,1417368.0,484581.0,3186384896.0,968032256.0,16794845184.0,81833984.0,0.0,0.0,
0.748,0.499,98.504,0.0,0.0,0.249,0.0,32768.0,887365.0,626285.0,3187044352.0,968052736.0,16796450816.0,79548416.0,0.0,0.0,
0.500,0.500,98.625,0.0,0.0,0.375,0.0,0.0,2277394.0,483220.0,3186651136.0,968060928.0,16797978624.0,78405632.0,0.0,0.0,
0.250,0.749,98.502,0.0,0.0,0.499,0.0,0.0,1481087.0,459790.0,3186651136.0,968081408.0,16799981568.0,76382208.0,0.0,0.0,
0.375,0.625,98.625,0.0,0.0,0.375,0.0,0.0,2503285.0,423449.0,3186569216.0,968105984.0,16800894976.0,75526144.0,0.0,0.0,
0.374,0.873,97.631,0.623,0.125,0.374,0.0,15597568.0,1328182.0,554487.0,3186589696.0,968134656.0,16802115584.0,74256384.0,0.0,0.0,
0.250,0.624,98.876,0.0,0.0,0.250,0.0,32768.0,1172811.0,439433.0,3186647040.0,968155136.0,16803180544.0,73113600.0,0.0,0.0,
0.250,0.250,99.375,0.0,0.0,0.125,0.0,0.0,1667466.0,290850.0,3186405376.0,968167424.0,16805568512.0,70955008.0,0.0,0.0,
0.250,0.500,98.875,0.0,0.0,0.375,0.0,0.0,2456643.0,294253.0,3186130944.0,968183808.0,16807522304.0,69259264.0,0.0,0.0,
0.624,0.499,98.627,0.0,0.0,0.250,0.0,90112.0,2156597.0,379119.0,3187105792.0,968204288.0,16807931904.0,67854336.0,0.0,0.0,
0.249,0.873,98.005,0.499,0.0,0.374,0.0,15400960.0,1343322.0,426099.0,3187052544.0,968237056.0,16808579072.0,67227648.0,0.0,0.0,
0.250,0.500,99.125,0.0,0.0,0.125,0.0,32768.0,957218.0,454970.0,3186982912.0,968253440.0,16809394176.0,66465792.0,0.0,0.0,
0.875,0.375,98.375,0.0,0.0,0.375,0.0,0.0,1023555.0,284892.0,3186925568.0,968261632.0,16810590208.0,65318912.0,0.0,0.0,
0.250,0.999,98.252,0.0,0.0,0.499,0.0,0.0,1862483.0,275277.0,3186929664.0,968290304.0,16812589056.0,63287296.0,0.0,0.0,
0.374,0.748,98.504,0.0,0.0,0.374,0.0,24576.0,2217662.0,556053.0,3186921472.0,968310784.0,16813465600.0,62398464.0,0.0,0.0,
0.375,0.751,97.997,0.375,0.125,0.375,0.0,14852096.0,1015083.0,376592.0,3186982912.0,968339456.0,16813875200.0,61898752.0,0.0,0.0,
0.375,0.624,98.752,0.0,0.0,0.250,0.0,57344.0,1023569.0,409937.0,3187056640.0,968359936.0,16814415872.0,61263872.0,0.0,0.0,
0.375,0.499,98.876,0.0,0.0,0.250,0.0,0.0,918931.0,353486.0,3186700288.0,968372224.0,16816029696.0,59994112.0,0.0,0.0,
0.375,0.375,98.876,0.0,0.0,0.375,0.0,0.0,1466675.0,406574.0,3186958336.0,968388608.0,16816136192.0,59613184.0,0.0,0.0,
0.375,0.500,98.875,0.0,0.0,0.250,0.0,32768.0,700016.0,394681.0,3187208192.0,968413184.0,16818155520.0,57319424.0,0.0,0.0,
0.125,0.874,98.002,0.499,0.0,0.499,0.0,11788288.0,2301775.0,378732.0,3187118080.0,968450048.0,16819310592.0,56217600.0,0.0,0.0,
0.500,0.750,98.250,0.0,0.0,0.500,0.0,2326528.0,1520744.0,437328.0,3186339840.0,968507392.0,16821690368.0,54558720.0,0.0,0.0,
0.250,0.626,98.874,0.0,0.0,0.250,0.0,0.0,2589671.0,556942.0,3187281920.0,968511488.0,16823283712.0,52019200.0,0.0,0.0,
0.374,0.998,98.005,0.0,0.0,0.623,0.0,0.0,2541350.0,415075.0,3187003392.0,968511488.0,16825331712.0,50249728.0,0.0,0.0,
0.374,0.748,98.005,0.125,0.125,0.623,0.0,106496.0,2089798.0,553522.0,3187441664.0,968519680.0,16825712640.0,49422336.0,0.0,0.0,
0.250,1.125,97.625,0.375,0.0,0.625,0.0,20316160.0,1262545.0,696066.0,3187933184.0,968531968.0,16827748352.0,46882816.0,0.0,0.0,
0.500,0.750,98.250,0.0,0.0,0.500,0.0,106496.0,2921673.0,617269.0,3187662848.0,968548352.0,16829145088.0,45740032.0,0.0,0.0,
0.374,0.998,98.005,0.0,0.0,0.623,0.0,0.0,1418157.0,533794.0,3188301824.0,968462336.0,16827412480.0,46919680.0,0.0,0.0,
0.375,0.625,98.750,0.0,0.0,0.250,0.0,0.0,5826956.0,641164.0,3187572736.0,968462336.0,16828649472.0,46411776.0,0.0,0.0,
0.375,0.874,98.127,0.0,0.0,0.624,0.0,0.0,864907.0,598319.0,3187212288.0,968466432.0,16830283776.0,45133824.0,0.0,0.0,
0.375,0.874,97.753,0.624,0.0,0.375,0.0,19464192.0,1789201.0,589610.0,3187478528.0,968355840.0,16823398400.0,51863552.0,0.0,0.0,
0.125,0.625,98.875,0.0,0.0,0.375,0.0,32768.0,1025577.0,542688.0,3188199424.0,968376320.0,16824553472.0,49967104.0,0.0,0.0,
0.500,0.750,98.375,0.0,0.0,0.375,0.0,0.0,2586990.0,434756.0,3187879936.0,968388608.0,16825991168.0,48836608.0,0.0,0.0,
0.250,0.250,99.251,0.0,0.0,0.250,0.0,0.0,1324249.0,478559.0,3187691520.0,968400896.0,16826802176.0,48201728.0,0.0,0.0,
0.375,0.500,98.875,0.0,0.0,0.250,0.0,0.0,767095.0,275254.0,3187560448.0,968404992.0,16829214720.0,45916160.0,0.0,0.0,
0.249,0.748,97.880,0.499,0.125,0.499,0.0,17956864.0,2478362.0,470646.0,3187818496.0,968327168.0,16823377920.0,51572736.0,0.0,0.0,
0.375,0.624,98.752,0.0,0.0,0.250,0.0,32768.0,2700003.0,315836.0,3187519488.0,968335360.0,16824139776.0,51101696.0,0.0,0.0,
0.250,0.625,98.750,0.0,0.0,0.375,0.0,0.0,3405860.0,826892.0,3187769344.0,968343552.0,16825659392.0,49324032.0,0.0,0.0,
0.249,0.499,99.002,0.0,0.0,0.249,0.0,0.0,810564.0,255717.0,3187208192.0,968347648.0,16826597376.0,48943104.0,0.0,0.0,
0.375,0.500,98.875,0.0,0.0,0.250,0.0,0.0,1278572.0,359806.0,3187355648.0,968355840.0,16827416576.0,47968256.0,0.0,0.0,
0.125,0.375,98.875,0.375,0.0,0.250,0.0,14401536.0,2422209.0,239296.0,3186860032.0,968364032.0,16829906944.0,45965312.0,0.0,0.0,
0.625,0.500,98.625,0.0,0.0,0.250,0.0,73728.0,1735786.0,332268.0,3187572736.0,968306688.0,16823345152.0,51871744.0,0.0,0.0,
0.375,0.749,98.377,0.0,0.0,0.499,0.0,0.0,2565130.0,476624.0,3187720192.0,968310784.0,16825352192.0,49713152.0,0.0,0.0,
0.375,0.749,98.627,0.0,0.125,0.125,0.0,0.0,852083.0,297897.0,3188027392.0,968310784.0,16825798656.0,48959488.0,0.0,0.0,
0.750,1.250,97.250,0.500,0.0,0.250,32768.0,1343488.0,793361.0,355880.0,3188486144.0,968433664.0,16826703872.0,47472640.0,0.0,0.0,
0.499,0.624,98.127,0.375,0.0,0.375,0.0,11853824.0,754162.0,301205.0,3188445184.0,968450048.0,16826728448.0,47472640.0,0.0,0.0,
0.374,0.499,98.753,0.0,0.0,0.374,0.0,32768.0,1292443.0,369600.0,3188031488.0,968474624.0,16828133376.0,46456832.0,0.0,0.0,
0.250,0.625,98.875,0.0,0.0,0.250,0.0,0.0,2036259.0,293696.0,3188219904.0,968421376.0,16822157312.0,52297728.0,0.0,0.0,
0.250,0.624,98.752,0.0,0.0,0.375,0.0,0.0,2221789.0,481776.0,3187953664.0,968429568.0,16823619584.0,51093504.0,0.0,0.0,
0.375,0.501,98.874,0.0,0.0,0.250,0.0,90112.0,1215991.0,409664.0,3188412416.0,968458240.0,16824537088.0,49688576.0,0.0,0.0,
0.250,0.499,98.752,0.250,0.0,0.250,0.0,13258752.0,985988.0,276939.0,3188015104.0,968458240.0,16825569280.0,49053696.0,0.0,0.0,
0.249,0.623,98.254,0.249,0.0,0.623,0.0,4517888.0,2625181.0,461252.0,3188129792.0,968482816.0,16827969536.0,46514176.0,0.0,0.0,
0.500,0.750,98.375,0.0,0.0,0.375,0.0,0.0,1242667.0,446403.0,3188166656.0,968503296.0,16828547072.0,45879296.0,0.0,0.0,
0.374,0.748,98.379,0.0,0.0,0.499,0.0,0.0,1735870.0,543036.0,3188297728.0,968433664.0,16821755904.0,52609024.0,0.0,0.0,
0.250,1.125,98.0,0.0,0.125,0.500,0.0,0.0,821793.0,617746.0,3188293632.0,968474624.0,16822226944.0,52101120.0,0.0,0.0,
0.625,1.125,97.500,0.125,0.0,0.625,0.0,8683520.0,1181831.0,737943.0,3188051968.0,968491008.0,16822571008.0,51982336.0,0.0,0.0,
0.250,0.749,98.502,0.125,0.0,0.375,0.0,3039232.0,3550866.0,501348.0,3187953664.0,968519680.0,16825430016.0,49192960.0,0.0,0.0,
0.625,0.750,98.250,0.0,0.0,0.375,0.0,0.0,3357090.0,569925.0,3188047872.0,968540160.0,16828235776.0,46272512.0,0.0,0.0,
0.499,0.749,98.252,0.0,0.0,0.499,0.0,0.0,1161814.0,750449.0,3187793920.0,968552448.0,16829366272.0,45383680.0,0.0,0.0,
0.499,0.874,98.127,0.0,0.125,0.375,0.0,0.0,1057534.0,462077.0,3187593216.0,968491008.0,16822460416.0,52551680.0,0.0,0.0,
0.375,0.874,98.377,0.0,0.0,0.375,0.0,2318336.0,1105467.0,652383.0,3187245056.0,968503296.0,16823074816.0,52273152.0,0.0,0.0,
0.125,0.499,98.377,0.499,0.0,0.499,0.0,15687680.0,1448044.0,282708.0,3187761152.0,968523776.0,16823681024.0,51130368.0,0.0,0.0,
0.500,1.375,97.500,0.0,0.0,0.625,0.0,0.0,4613746.0,734478.0,3187580928.0,968585216.0,16828243968.0,46686208.0,0.0,0.0,
0.374,0.873,98.254,0.0,0.125,0.374,0.0,0.0,2343384.0,663666.0,3187220480.0,968515584.0,16823078912.0,52281344.0,0.0,0.0,
0.125,0.501,99.124,0.0,0.0,0.250,0.0,0.0,1229047.0,398214.0,3186679808.0,968519680.0,16823795712.0,52101120.0,0.0,0.0,
0.374,0.499,98.878,0.0,0.0,0.249,0.0,827392.0,1924403.0,344228.0,3187396608.0,968527872.0,16825229312.0,49942528.0,0.0,0.0,
0.250,0.500,98.375,0.500,0.0,0.375,0.0,19988480.0,2489526.0,310983.0,3187990528.0,968564736.0,16827011072.0,47529984.0,0.0,0.0,
0.250,0.501,99.124,0.0,0.0,0.125,0.0,0.0,764700.0,269577.0,3187675136.0,968577024.0,16827822080.0,47022080.0,0.0,0.0,
0.375,0.749,98.627,0.0,0.0,0.250,0.0,0.0,1297186.0,433498.0,3187773440.0,968491008.0,16820961280.0,53870592.0,0.0,0.0,
0.125,0.499,99.001,0.0,0.0,0.375,0.0,0.0,1324187.0,265563.0,3187834880.0,968499200.0,16821661696.0,53100544.0,0.0,0.0,
0.499,0.624,98.752,0.0,0.0,0.125,0.0,1867776.0,1811199.0,251283.0,3187593216.0,968503296.0,16823422976.0,51576832.0,0.0,0.0,
0.250,0.624,98.252,0.375,0.0,0.499,0.0,12328960.0,1962643.0,378687.0,3187609600.0,968536064.0,16825024512.0,49926144.0,0.0,0.0,
0.250,0.625,98.625,0.0,0.0,0.500,0.0,40960.0,1904077.0,444552.0,3187081216.0,968552448.0,16826826752.0,48635904.0,0.0,0.0,
0.249,0.374,99.002,0.0,0.125,0.249,0.0,0.0,2001976.0,277921.0,3186970624.0,968572928.0,16828821504.0,46731264.0,0.0,0.0,
0.250,0.750,98.750,0.0,0.0,0.250,0.0,0.0,1268462.0,425801.0,3187347456.0,968519680.0,16822083584.0,53145600.0,0.0,0.0,
0.375,0.624,98.752,0.0,0.0,0.250,0.0,1916928.0,1129557.0,480561.0,3187712000.0,968531968.0,16822333440.0,52518912.0,0.0,0.0,
0.374,0.623,98.130,0.499,0.0,0.374,0.0,12632064.0,1197130.0,388558.0,3187511296.0,968556544.0,16823472128.0,51556352.0,0.0,0.0,
0.250,0.625,98.750,0.0,0.0,0.375,0.0,0.0,3576245.0,530559.0,3187462144.0,968577024.0,16826572800.0,48484352.0,0.0,0.0,
0.250,0.375,99.001,0.0,0.0,0.375,0.0,40960.0,1126565.0,309176.0,3187310592.0,968589312.0,16827473920.0,47722496.0,0.0,0.0,
0.250,0.375,99.0,0.0,0.0,0.375,0.0,0.0,1534209.0,344121.0,3187224576.0,968605696.0,16828694528.0,46571520.0,0.0,0.0,
0.250,0.750,98.750,0.0,0.0,0.250,0.0,4603904.0,1227047.0,465676.0,3187499008.0,968617984.0,16829431808.0,45547520.0,0.0,0.0,
0.500,0.625,97.875,0.625,0.0,0.375,0.0,13549568.0,1266316.0,445654.0,3187191808.0,968646656.0,16830226432.0,45031424.0,0.0,0.0,
0.499,0.499,98.504,0.0,0.125,0.374,0.0,0.0,1144901.0,355840.0,3187343360.0,968552448.0,16823439360.0,51761152.0,0.0,0.0,
0.375,0.626,98.623,0.0,0.0,0.375,0.0,0.0,1295912.0,477249.0,3187777536.0,968560640.0,16824004608.0,50753536.0,0.0,0.0,
0.374,0.748,98.379,0.0,0.0,0.499,0.0,0.0,889492.0,499641.0,3186913280.0,968581120.0,16824721408.0,50880512.0,0.0,0.0,
0.125,0.875,98.375,0.125,0.0,0.500,0.0,3334144.0,1491980.0,549752.0,3187671040.0,968593408.0,16825475072.0,49356800.0,0.0,0.0,
0.375,0.874,98.002,0.375,0.0,0.375,0.0,11886592.0,2150841.0,572804.0,3187634176.0,968642560.0,16827367424.0,47452160.0,0.0,0.0,
0.250,0.625,98.625,0.0,0.0,0.500,0.0,0.0,1274572.0,364285.0,3187687424.0,968654848.0,16828190720.0,46563328.0,0.0,0.0,
0.499,0.624,98.377,0.0,0.0,0.499,0.0,0.0,1161984.0,639653.0,3187544064.0,968675328.0,16829145088.0,45731840.0,0.0,0.0,
0.374,0.873,98.254,0.0,0.125,0.374,0.0,0.0,1145117.0,506526.0,3187597312.0,968695808.0,16829968384.0,44834816.0,0.0,0.0,
0.125,0.750,98.750,0.0,0.0,0.375,0.0,573440.0,807284.0,498351.0,3187822592.0,968626176.0,16822575104.0,52072448.0,0.0,0.0,
0.374,0.998,97.756,0.249,0.0,0.623,0.0,8134656.0,1940572.0,588804.0,3188027392.0,968679424.0,16823709696.0,50679808.0,0.0,0.0,
0.250,0.875,98.625,0.0,0.0,0.250,0.0,0.0,1776895.0,489023.0,3187769344.0,968699904.0,16825085952.0,49541120.0,0.0,0.0,
0.375,0.750,98.500,0.0,0.0,0.375,0.0,0.0,753477.0,455001.0,3187585024.0,968716288.0,16825888768.0,48906240.0,0.0,0.0,
0.375,0.375,99.001,0.0,0.0,0.250,0.0,0.0,1020226.0,453624.0,3187445760.0,968724480.0,16826781696.0,48144384.0,0.0,0.0,
0.250,0.499,98.876,0.0,0.0,0.375,0.0,1761280.0,1284925.0,240148.0,3187617792.0,968736768.0,16827604992.0,47136768.0,0.0,0.0,
0.250,0.624,98.252,0.375,0.125,0.375,0.0,10944512.0,1593107.0,446242.0,3187646464.0,968777728.0,16828739584.0,45932544.0,0.0,0.0,
0.250,0.375,99.0,0.0,0.0,0.375,0.0,0.0,4464517.0,404381.0,3187658752.0,968425472.0,16825458688.0,49553408.0,0.0,0.0,
0.249,0.249,99.252,0.0,0.0,0.249,0.0,0.0,1364383.0,290691.0,3187712000.0,968433664.0,16826540032.0,48410624.0,0.0,0.0,
0.250,0.375,99.250,0.0,0.0,0.125,0.0,0.0,841916.0,244662.0,3187552256.0,968441856.0,16826953728.0,48148480.0,0.0,0.0,
0.250,0.375,99.125,0.0,0.0,0.250,0.0,1630208.0,1216906.0,323262.0,3187400704.0,968450048.0,16828186624.0,47058944.0,0.0,0.0,
0.375,0.500,98.500,0.500,0.0,0.125,0.0,15572992.0,640321.0,257878.0,3187466240.0,968474624.0,16828604416.0,46551040.0,0.0,0.0,
0.250,0.999,98.127,0.0,0.0,0.624,0.0,0.0,1482918.0,543314.0,3187294208.0,968495104.0,16829644800.0,45662208.0,0.0,0.0,
0.250,0.375,99.125,0.0,0.0,0.250,0.0,65536.0,441140.0,246692.0,3187634176.0,968511488.0,16829661184.0,45289472.0,0.0,0.0,
0.250,0.375,99.126,0.0,0.0,0.250,0.0,0.0,1440288.0,179362.0,3186716672.0,968384512.0,16823840768.0,52154368.0,0.0,0.0,
0.249,0.499,98.753,0.0,0.125,0.374,0.0,1695744.0,1236085.0,392647.0,3187302400.0,968400896.0,16824381440.0,51011584.0,0.0,0.0,
0.250,0.625,98.625,0.250,0.0,0.250,0.0,7815168.0,1369107.0,471006.0,3187335168.0,968433664.0,16825458688.0,49868800.0,0.0,0.0,
0.375,0.750,98.375,0.0,0.0,0.500,0.0,0.0,1574041.0,304348.0,3187625984.0,968454144.0,16826671104.0,48345088.0,0.0,0.0,
0.249,0.374,99.127,0.0,0.0,0.249,0.0,40960.0,867035.0,325978.0,3187556352.0,968470528.0,16826925056.0,48144384.0,0.0,0.0,
0.250,0.624,98.876,0.0,0.0,0.250,0.0,0.0,1090061.0,356726.0,3187482624.0,968482816.0,16828137472.0,46993408.0,0.0,0.0,
0.250,0.375,98.999,0.0,0.0,0.375,0.0,1253376.0,1486557.0,462879.0,3187646464.0,968499200.0,16828973056.0,45977600.0,0.0,0.0,
0.250,0.749,98.377,0.375,0.0,0.250,0.0,10010624.0,1080905.0,377237.0,3188101120.0,968531968.0,16829374464.0,45088768.0,0.0,0.0,
0.374,0.748,98.628,0.0,0.0,0.249,0.0,0.0,1133714.0,367984.0,3187023872.0,968450048.0,16823332864.0,52289536.0,0.0,0.0,
0.250,0.500,99.0,0.0,0.0,0.250,0.0,0.0,1092265.0,423302.0,3187552256.0,968458240.0,16823431168.0,51654656.0,0.0,0.0,
0.375,0.751,98.498,0.0,0.0,0.375,0.0,40960.0,1517658.0,487957.0,3187392512.0,968486912.0,16824950784.0,50266112.0,0.0,0.0,
0.375,0.749,98.377,0.0,0.0,0.499,0.0,1482752.0,847648.0,591260.0,3187810304.0,968515584.0,16825004032.0,49766400.0,0.0,0.0,
0.249,1.247,97.257,0.374,0.125,0.748,0.0,7725056.0,1815913.0,761895.0,3187867648.0,968568832.0,16826019840.0,48640000.0,0.0,0.0,
0.250,0.625,98.625,0.0,0.0,0.500,0.0,0.0,1094129.0,441149.0,3187777536.0,968585216.0,16827236352.0,47497216.0,0.0,0.0,
0.748,0.748,98.130,0.0,0.0,0.374,0.0,0.0,1764048.0,421958.0,3187613696.0,968593408.0,16828534784.0,46354432.0,0.0,0.0,
0.375,1.001,98.248,0.0,0.0,0.375,0.0,32768.0,1786742.0,623630.0,3187896320.0,968601600.0,16829775872.0,44822528.0,0.0,0.0,
0.375,0.874,98.377,0.0,0.0,0.375,0.0,3915776.0,877079.0,597066.0,3187421184.0,968507392.0,16822579200.0,52588544.0,0.0,0.0,
0.249,1.122,97.506,0.374,0.125,0.623,0.0,12673024.0,2128584.0,616830.0,3187580928.0,968519680.0,16823930880.0,51064832.0,0.0,0.0,
0.250,0.875,98.500,0.0,0.0,0.375,0.0,0.0,3865445.0,403547.0,3187298304.0,968523776.0,16827637760.0,47636480.0,0.0,0.0,
0.250,0.500,99.0,0.0,0.0,0.250,0.0,0.0,691877.0,475711.0,3187900416.0,968523776.0,16827662336.0,47009792.0,0.0,0.0,
0.250,0.500,99.0,0.0,0.0,0.250,0.0,24576.0,720297.0,387538.0,3187609600.0,968540160.0,16828461056.0,46485504.0,0.0,0.0,
0.499,0.499,98.627,0.0,0.0,0.375,0.0,1105920.0,643013.0,435655.0,3187826688.0,968544256.0,16828493824.0,46231552.0,0.0,0.0,
0.749,0.749,97.628,0.499,0.0,0.375,0.0,12845056.0,3125492.0,455841.0,3188207616.0,968474624.0,16823103488.0,51310592.0,0.0,0.0,
0.250,0.499,99.126,0.0,0.0,0.125,0.0,0.0,1335851.0,292483.0,3188178944.0,968478720.0,16824520704.0,49917952.0,0.0,0.0,
0.250,0.625,98.875,0.0,0.0,0.250,0.0,0.0,1040409.0,369227.0,3187544064.0,968491008.0,16825589760.0,49471488.0,0.0,0.0,
0.125,0.624,98.752,0.0,0.0,0.499,0.0,65536.0,1134643.0,413858.0,3187851264.0,968511488.0,16826793984.0,47939584.0,0.0,0.0,
0.250,0.624,98.876,0.0,0.0,0.250,0.0,2801664.0,1269358.0,430703.0,3187879936.0,968523776.0,16827260928.0,47431680.0,0.0,0.0,
0.249,0.748,98.379,0.374,0.0,0.249,0.0,9306112.0,1064513.0,318404.0,3188498432.0,968474624.0,16822923264.0,51200000.0,0.0,0.0,
0.375,0.250,99.125,0.0,0.0,0.250,0.0,0.0,1459111.0,268881.0,3187879936.0,968478720.0,16824201216.0,50536448.0,0.0,0.0,
0.250,0.624,98.752,0.0,0.0,0.375,0.0,0.0,931113.0,417724.0,3188137984.0,968482816.0,16824827904.0,49647616.0,0.0,0.0,
0.250,0.625,98.750,0.0,0.125,0.250,0.0,81920.0,1173926.0,426701.0,3187781632.0,968486912.0,16825942016.0,48885760.0,0.0,0.0,
0.125,0.873,98.504,0.0,0.0,0.499,0.0,1187840.0,1867958.0,448358.0,3187560448.0,968486912.0,16827170816.0,47878144.0,0.0,0.0,
0.250,0.751,98.373,0.375,0.0,0.250,0.0,10698752.0,1003383.0,361258.0,3187683328.0,968503296.0,16827719680.0,47190016.0,0.0,0.0,
0.249,0.499,98.878,0.0,0.0,0.374,0.0,0.0,1277187.0,377224.0,3187712000.0,968507392.0,16829337600.0,45539328.0,0.0,0.0,
0.250,0.500,98.875,0.0,0.0,0.375,0.0,0.0,1004916.0,312187.0,3187875840.0,968511488.0,16829550592.0,45158400.0,0.0,0.0,
0.375,0.625,98.625,0.0,0.0,0.375,0.0,57344.0,1388980.0,587232.0,3187822592.0,968425472.0,16822648832.0,52199424.0,0.0,0.0,
0.250,0.749,98.627,0.0,0.0,0.375,0.0,1253376.0,1211914.0,415905.0,3187060736.0,968433664.0,16823783424.0,51818496.0,0.0,0.0,
0.250,0.500,98.500,0.500,0.0,0.250,0.0,12394496.0,1537169.0,258755.0,3186659328.0,968466432.0,16824795136.0,51175424.0,0.0,0.0,
0.249,0.998,98.005,0.0,0.125,0.623,0.0,0.0,1541919.0,578253.0,3187179520.0,968478720.0,16825659392.0,49778688.0,0.0,0.0,
0.250,0.749,98.627,0.0,0.0,0.375,0.0,0.0,900128.0,531536.0,3186839552.0,968491008.0,16826486784.0,49278976.0,0.0,0.0,
0.375,0.500,98.875,0.0,0.0,0.250,0.0,0.0,946585.0,332928.0,3186630656.0,968499200.0,16827129856.0,48836608.0,0.0,0.0,
0.250,1.0,98.250,0.0,0.0,0.500,0.0,491520.0,1438381.0,562981.0,3186921472.0,968523776.0,16827957248.0,47693824.0,0.0,0.0,
0.499,0.375,98.502,0.375,0.0,0.250,0.0,8658944.0,1236623.0,460889.0,3186929664.0,968544256.0,16828944384.0,46678016.0,0.0,0.0,
0.125,0.874,98.627,0.0,0.0,0.375,0.0,0.0,1770254.0,484002.0,3187212288.0,968556544.0,16830554112.0,44773376.0,0.0,0.0,
0.250,0.625,98.875,0.0,0.0,0.250,0.0,0.0,2080664.0,408981.0,3186724864.0,968441856.0,16824303616.0,51625984.0,0.0,0.0,
0.249,0.873,98.254,0.0,0.0,0.623,0.0,0.0,1216933.0,644978.0,3187503104.0,968454144.0,16825425920.0,49713152.0,0.0,0.0,
0.375,0.874,98.252,0.0,0.125,0.375,0.0,2629632.0,1417633.0,381215.0,3187576832.0,968474624.0,16825712640.0,49332224.0,0.0,0.0,
0.125,0.750,98.125,0.375,0.0,0.625,0.0,11681792.0,2007017.0,725224.0,3187306496.0,968507392.0,16827338752.0,47943680.0,0.0,0.0,
0.375,0.624,98.752,0.0,0.0,0.250,0.0,32768.0,3346925.0,499210.0,3187699712.0,968515584.0,16830074880.0,44806144.0,0.0,0.0,
0.250,0.500,99.0,0.0,0.0,0.250,0.0,0.0,735995.0,346029.0,3187515392.0,968417280.0,16822931456.0,52232192.0,0.0,0.0,
0.250,0.499,98.876,0.0,0.0,0.375,0.0,0.0,995682.0,356313.0,3187986432.0,968433664.0,16823713792.0,50962432.0,0.0,0.0,
0.250,0.501,98.999,0.0,0.0,0.250,0.0,4055040.0,1294649.0,457079.0,3187683328.0,968437760.0,16824639488.0,50335744.0,0.0,0.0,
0.374,0.872,98.007,0.374,0.0,0.374,0.0,12427264.0,892913.0,422417.0,3187445760.0,968466432.0,16825401344.0,49782784.0,0.0,0.0,
0.500,0.500,98.875,0.0,0.0,0.125,0.0,0.0,838254.0,269653.0,3188035584.0,968478720.0,16825434112.0,49147904.0,0.0,0.0,
0.375,0.375,99.0,0.0,0.0,0.250,0.0,32768.0,1247170.0,335528.0,3187552256.0,968486912.0,16826925056.0,48132096.0,0.0,0.0,
0.125,0.500,99.250,0.0,0.0,0.125,0.0,0.0,1110896.0,318166.0,3187625984.0,968495104.0,16827740160.0,47235072.0,0.0,0.0,
0.249,0.499,99.002,0.0,0.125,0.125,0.0,1048576.0,930002.0,333947.0,3187961856.0,968499200.0,16828063744.0,46571520.0,0.0,0.0,
0.375,0.625,98.0,0.375,0.0,0.625,0.0,9338880.0,1803223.0,365080.0,3187978240.0,968527872.0,16829669376.0,44920832.0,0.0,0.0,
0.375,0.624,98.752,0.0,0.0,0.250,0.0,0.0,1676023.0,348716.0,3187417088.0,968196096.0,16823586816.0,51896320.0,0.0,0.0,
0.250,0.499,98.876,0.0,0.0,0.375,0.0,65536.0,594425.0,393159.0,3187757056.0,968208384.0,16823480320.0,51650560.0,0.0,0.0,
0.250,0.501,98.874,0.0,0.0,0.375,0.0,0.0,1697833.0,459636.0,3187621888.0,968208384.0,16824803328.0,50462720.0,0.0,0.0,
0.249,0.499,98.878,0.0,0.0,0.374,0.0,1515520.0,838828.0,403109.0,3187822592.0,968208384.0,16825237504.0,49827840.0,0.0,0.0,
0.250,0.625,98.500,0.375,0.0,0.250,0.0,9584640.0,1169714.0,262138.0,3187511296.0,968228864.0,16826417152.0,48939008.0,0.0,0.0,
0.249,0.623,98.753,0.0,0.0,0.374,0.0,0.0,1971066.0,352949.0,3187646464.0,968232960.0,16828436480.0,46780416.0,0.0,0.0,
0.125,0.749,98.627,0.0,0.0,0.499,0.0,0.0,1602442.0,469996.0,3187712000.0,968245248.0,16829284352.0,45854720.0,0.0,0.0,
0.375,0.500,98.625,0.0,0.0,0.500,0.0,90112.0,1089251.0,477983.0,3187781632.0,968261632.0,16829714432.0,45338624.0,0.0,0.0,
0.249,0.499,98.878,0.0,0.125,0.249,0.0,1277952.0,1079224.0,353042.0,3187347456.0,968089600.0,16823156736.0,52502528.0,0.0,0.0,
0.250,0.500,98.375,0.500,0.0,0.375,0.0,9953280.0,529055.0,219386.0,3187855360.0,968105984.0,16823013376.0,52121600.0,0.0,0.0,
0.125,0.626,98.874,0.0,0.0,0.375,0.0,0.0,1183402.0,478547.0,3187433472.0,968105984.0,16823844864.0,51712000.0,0.0,0.0,
0.375,0.624,98.876,0.0,0.0,0.125,0.0,0.0,892167.0,458624.0,3187417088.0,968118272.0,16824483840.0,51077120.0,0.0,0.0,
0.250,0.624,98.752,0.0,0.0,0.375,0.0,0.0,956700.0,362951.0,3188191232.0,968138752.0,16824950784.0,49815552.0,0.0,0.0,
0.499,0.999,98.127,0.0,0.0,0.375,0.0,1556480.0,790126.0,412371.0,3187986432.0,968151040.0,16825389056.0,49569792.0,0.0,0.0,
0.250,0.751,98.123,0.375,0.125,0.375,0.0,10035200.0,2933038.0,559315.0,3187777536.0,968179712.0,16827949056.0,47190016.0,0.0,0.0,
0.374,0.623,98.506,0.0,0.0,0.498,0.0,0.0,1262053.0,576119.0,3187814400.0,968183808.0,16829177856.0,45920256.0,0.0,0.0,
0.250,0.626,98.748,0.0,0.0,0.375,0.0,0.0,1558587.0,429410.0,3188039680.0,968187904.0,16829837312.0,45031424.0,0.0,0.0,
0.249,0.873,98.379,0.0,0.0,0.499,0.0,909312.0,1062591.0,495262.0,3187879936.0,968077312.0,16822566912.0,52572160.0,0.0,0.0,
0.375,0.625,98.625,0.0,0.0,0.375,0.0,704512.0,738748.0,546634.0,3187195904.0,968089600.0,16823091200.0,52719616.0,0.0,0.0,
0.374,1.121,97.509,0.498,0.0,0.498,0.0,10182656.0,2345479.0,545043.0,3188183040.0,968122368.0,16824610816.0,50180096.0,0.0,0.0,
0.125,1.003,98.496,0.0,0.0,0.376,0.0,24576.0,3479665.0,601683.0,3187843072.0,968192000.0,16828055552.0,47005696.0,0.0,0.0,
0.249,0.748,98.628,0.0,0.0,0.374,0.0,0.0,1466584.0,411891.0,3187507200.0,968204288.0,16829259776.0,46125056.0,0.0,0.0,
0.375,0.750,98.375,0.0,0.125,0.375,0.0,2703360.0,1077672.0,392272.0,3187945472.0,968089600.0,16822636544.0,52424704.0,0.0,0.0,
0.375,0.499,98.876,0.0,0.0,0.250,0.0,131072.0,1270536.0,559800.0,3188109312.0,968097792.0,16822718464.0,52170752.0,0.0,0.0,
0.250,0.375,99.125,0.0,0.0,0.250,0.0,2916352.0,943889.0,319368.0,3187744768.0,968110080.0,16823705600.0,51535872.0,0.0,0.0,
0.374,0.499,98.379,0.374,0.0,0.374,0.0,8790016.0,1666426.0,296305.0,3188039680.0,968130560.0,16824913920.0,50012160.0,0.0,0.0,
0.375,0.500,98.875,0.0,0.0,0.250,0.0,32768.0,1071341.0,397747.0,3187617792.0,968142848.0,16825856000.0,49479680.0,0.0,0.0,
0.125,0.750,98.750,0.0,0.0,0.375,0.0,2875392.0,436512.0,325144.0,3187679232.0,968151040.0,16826683392.0,48582656.0,0.0,0.0,
0.250,0.749,98.502,0.0,0.0,0.499,0.0,1040384.0,2028011.0,384674.0,3187646464.0,968159232.0,16827596800.0,47693824.0,0.0,0.0,
0.125,0.750,98.625,0.0,0.0,0.500,0.0,32768.0,1751649.0,369193.0,3187539968.0,968175616.0,16829210624.0,46170112.0,0.0,0.0,
0.249,0.623,98.254,0.374,0.0,0.499,0.0,10682368.0,1602671.0,484062.0,3187855360.0,968192000.0,16830124032.0,44924928.0,0.0,0.0,
0.250,0.626,98.874,0.0,0.0,0.250,0.0,24576.0,605102.0,328049.0,3187933184.0,968114176.0,16822640640.0,52408320.0,0.0,0.0,
0.374,0.499,98.504,0.0,0.125,0.499,0.0,2637824.0,1199468.0,399732.0,3187908608.0,968130560.0,16823791616.0,51265536.0,0.0,0.0,
0.375,0.499,98.876,0.0,0.0,0.250,0.0,0.0,1607771.0,673269.0,3188158464.0,968138752.0,16824414208.0,50384896.0,0.0,0.0,
0.125,0.500,99.125,0.0,0.0,0.250,0.0,32768.0,312425.0,209507.0,3187834880.0,968159232.0,16824741888.0,50360320.0,0.0,0.0,
0.250,1.0,98.0,0.250,0.0,0.500,0.0,6447104.0,1869974.0,564233.0,3187728384.0,968183808.0,16826347520.0,48836608.0,0.0,0.0,
0.374,0.623,98.753,0.0,0.0,0.249,0.0,0.0,1048600.0,383763.0,3187630080.0,968192000.0,16826945536.0,48328704.0,0.0,0.0,
0.125,0.751,98.874,0.0,0.0,0.250,0.0,1957888.0,2367688.0,412407.0,3187765248.0,968212480.0,16828956672.0,46161920.0,0.0,0.0,
0.499,0.623,98.379,0.0,0.125,0.374,0.0,0.0,461560.0,462145.0,3187863552.0,968224768.0,16828981248.0,46026752.0,0.0,0.0,
0.499,0.749,98.002,0.375,0.0,0.375,0.0,2334720.0,1947458.0,407340.0,3187245056.0,967856128.0,16822874112.0,53121024.0,0.0,0.0,
0.375,0.499,98.377,0.375,0.0,0.375,0.0,12386304.0,1085795.0,310999.0,3187539968.0,967884800.0,16823820288.0,51851264.0,0.0,0.0,
0.125,0.626,98.874,0.0,0.0,0.375,0.0,0.0,1455304.0,663613.0,3187056640.0,967888896.0,16824672256.0,51478528.0,0.0,0.0,
0.374,0.623,98.628,0.0,0.0,0.374,0.0,368640.0,755803.0,260830.0,3187384320.0,967929856.0,16825520128.0,50262016.0,0.0,0.0,
0.250,0.751,98.748,0.0,0.0,0.250,0.0,0.0,1996673.0,605997.0,3187138560.0,967946240.0,16826638336.0,49373184.0,0.0,0.0,
0.499,0.624,98.502,0.0,0.0,0.375,0.0,106496.0,1140261.0,403360.0,3187404800.0,967962624.0,16827371520.0,48357376.0,0.0,0.0,
0.250,0.749,98.127,0.499,0.0,0.375,0.0,10698752.0,1985774.0,376897.0,3187314688.0,967979008.0,16829095936.0,46706688.0,0.0,0.0,
0.250,0.750,98.500,0.0,0.0,0.500,0.0,0.0,1542753.0,695270.0,3187073024.0,967987200.0,16830136320.0,45899776.0,0.0,0.0,
0.374,0.623,98.628,0.0,0.125,0.249,0.0,1736704.0,1408262.0,382569.0,3187236864.0,967819264.0,16823934976.0,52105216.0,0.0,0.0,
0.249,0.623,98.628,0.0,0.0,0.499,0.0,0.0,466343.0,439050.0,3189403648.0,967835648.0,16823529472.0,50327552.0,0.0,0.0,
0.250,0.751,98.623,0.0,0.0,0.375,0.0,32768.0,1955282.0,578216.0,3188916224.0,967852032.0,16824520704.0,49807360.0,0.0,0.0,
0.375,0.624,98.127,0.375,0.0,0.499,0.0,10125312.0,2931844.0,395687.0,3188133888.0,967876608.0,16827973632.0,47112192.0,0.0,0.0,
0.250,0.500,99.0,0.0,0.0,0.250,0.0,0.0,1238111.0,437011.0,3188310016.0,967892992.0,16828043264.0,46850048.0,0.0,0.0,
0.374,0.748,98.628,0.0,0.0,0.249,0.0,696320.0,838941.0,341966.0,3188199424.0,967757824.0,16823951360.0,51187712.0,0.0,0.0,
0.250,0.750,98.625,0.0,0.0,0.375,0.0,32768.0,1200122.0,491770.0,3188334592.0,967782400.0,16824573952.0,50405376.0,0.0,0.0,
0.250,0.500,98.875,0.0,0.0,0.375,0.0,65536.0,1890866.0,445466.0,3188469760.0,967806976.0,16825683968.0,49135616.0,0.0,0.0,
0.249,0.873,97.880,0.748,0.0,0.249,0.0,14909440.0,928185.0,336136.0,3188535296.0,967835648.0,16826478592.0,48246784.0,0.0,0.0,
0.625,0.625,98.375,0.0,0.0,0.375,0.0,0.0,1436736.0,399456.0,3187773440.0,967847936.0,16827863040.0,47611904.0,0.0,0.0,
0.375,0.499,98.876,0.0,0.0,0.250,0.0,884736.0,318538.0,404103.0,3188211712.0,967856128.0,16827916288.0,47112192.0,0.0,0.0,
0.125,0.250,99.376,0.0,0.125,0.125,0.0,0.0,947027.0,260859.0,3188150272.0,967856128.0,16828616704.0,46473216.0,0.0,0.0,
0.375,0.375,98.876,0.0,0.0,0.375,0.0,24576.0,1308397.0,360702.0,3188301824.0,967876608.0,16829587456.0,45330432.0,0.0,0.0,
0.375,0.625,98.125,0.625,0.0,0.250,0.0,8536064.0,1861933.0,325158.0,3187810304.0,967626752.0,16823353344.0,52305920.0,0.0,0.0,
0.250,0.625,98.750,0.0,0.0,0.375,0.0,0.0,1082843.0,464368.0,3187896320.0,967651328.0,16823869440.0,51679232.0,0.0,0.0,
0.250,0.749,98.627,0.125,0.0,0.250,0.0,3293184.0,1462508.0,389005.0,3188342784.0,967675904.0,16825290752.0,49786880.0,0.0,0.0,
0.250,0.624,98.752,0.0,0.0,0.375,0.0,0.0,1250220.0,359565.0,3187531776.0,967700480.0,16826331136.0,49532928.0,0.0,0.0,
0.375,0.500,99.0,0.0,0.0,0.125,0.0,73728.0,1663767.0,360692.0,3188191232.0,967725056.0,16827170816.0,48009216.0,0.0,0.0,
0.249,0.623,98.254,0.374,0.125,0.374,0.0,12197888.0,2097549.0,394999.0,3188445184.0,967741440.0,16828878848.0,46030848.0,0.0,0.0,
0.375,0.624,98.752,0.0,0.0,0.250,0.0,0.0,659990.0,523904.0,3188047872.0,967761920.0,16829497344.0,45789184.0,0.0,0.0,
0.250,0.625,98.750,0.0,0.0,0.375,0.0,2662400.0,1118934.0,482450.0,3188269056.0,967782400.0,16830152704.0,44892160.0,0.0,0.0,
0.250,0.375,99.250,0.0,0.0,0.125,0.0,0.0,444463.0,268073.0,3187785728.0,967503872.0,16823050240.0,52756480.0,0.0,0.0,
0.499,0.999,98.002,0.0,0.0,0.499,0.0,32768.0,1993008.0,513646.0,3187949568.0,967540736.0,16823996416.0,51609600.0,0.0,0.0,
0.250,0.500,98.625,0.250,0.0,0.375,0.0,7430144.0,990703.0,393544.0,3187671040.0,967565312.0,16825065472.0,50794496.0,0.0,0.0,
0.250,0.750,98.625,0.0,0.0,0.375,0.0,65536.0,1226569.0,429005.0,3188051968.0,967589888.0,16825802752.0,49651712.0,0.0,0.0,
0.250,0.624,98.876,0.0,0.0,0.250,0.0,1875968.0,1277812.0,412727.0,3188420608.0,967606272.0,16826306560.0,48762880.0,0.0,0.0,
0.375,0.749,98.377,0.0,0.0,0.499,0.0,0.0,1204505.0,508399.0,3187879936.0,967630848.0,16827772928.0,47812608.0,0.0,0.0,
0.249,0.623,98.379,0.125,0.125,0.499,0.0,32768.0,1286676.0,457597.0,3188662272.0,967663616.0,16828436480.0,46333952.0,0.0,0.0,
0.375,0.875,98.125,0.250,0.0,0.375,0.0,10952704.0,1945617.0,546589.0,3187793920.0,967696384.0,16830541824.0,45064192.0,0.0,0.0,
0.250,0.750,98.625,0.0,0.0,0.375,0.0,0.0,1628210.0,368541.0,3188084736.0,967102464.0,16823742464.0,52166656.0,0.0,0.0,
0.374,0.873,98.379,0.0,0.0,0.374,0.0,1138688.0,1281070.0,575383.0,3187814400.0,967127040.0,16825647104.0,50507776.0,0.0,0.0,
0.250,0.250,99.250,0.0,0.0,0.250,0.0,0.0,1294160.0,389420.0,3187847168.0,967135232.0,16825733120.0,50380800.0,0.0,0.0,
0.250,0.750,98.500,0.0,0.0,0.500,0.0,32768.0,1871678.0,586476.0,3188080640.0,967147520.0,16827518976.0,48349184.0,0.0,0.0,
0.250,0.499,98.502,0.375,0.0,0.375,0.0,12320768.0,3264206.0,333046.0,3187957760.0,967159808.0,16830676992.0,45301760.0,0.0,0.0,
0.374,0.623,98.628,0.0,0.125,0.249,0.0,0.0,1274118.0,410872.0,3187531776.0,966291456.0,16824418304.0,52854784.0,0.0,0.0,
0.125,0.625,99.0,0.0,0.0,0.250,0.0,966656.0,1217352.0,332600.0,3187765248.0,966299648.0,16824688640.0,52342784.0,0.0,0.0,
0.375,0.499,98.876,0.0,0.0,0.250,0.0,0.0,590737.0,474954.0,3188117504.0,966299648.0,16824717312.0,51961856.0,0.0,0.0,
0.250,0.624,98.752,0.0,0.0,0.375,0.0,32768.0,1806739.0,336118.0,3188514816.0,966307840.0,16825962496.0,50311168.0,0.0,0.0,
0.250,0.750,98.0,0.625,0.0,0.375,0.0,12902400.0,1000373.0,332120.0,3188219904.0,966320128.0,16826880000.0,49676288.0,0.0,0.0,
0.250,0.500,98.875,0.0,0.0,0.375,0.0,0.0,668732.0,425671.0,3187699712.0,966320128.0,16827514880.0,49561600.0,0.0,0.0,
0.375,1.124,98.127,0.0,0.0,0.375,0.0,311296.0,1794118.0,521484.0,3187900416.0,966340608.0,16829079552.0,47775744.0,0.0,0.0,
0.250,0.250,99.375,0.0,0.0,0.125,0.0,0.0,1225202.0,303637.0,3187863552.0,966344704.0,16830001152.0,46886912.0,0.0,0.0,
0.250,0.499,99.001,0.0,0.0,0.250,0.0,65536.0,892776.0,326611.0,3188011008.0,966356992.0,16830476288.0,46252032.0,0.0,0.0,
0.249,0.374,98.504,0.623,0.0,0.249,0.0,10207232.0,1158885.0,251065.0,3188363264.0,966365184.0,16831168512.0,45199360.0,0.0,0.0,
0.499,0.499,98.627,0.0,0.125,0.250,0.0,0.0,1123749.0,450043.0,3188457472.0,965210112.0,16825188352.0,52240384.0,0.0,0.0,
0.375,1.0,98.250,0.0,0.0,0.375,0.0,442368.0,876533.0,405213.0,3188117504.0,965222400.0,16826658816.0,51097600.0,0.0,0.0,
0.250,0.999,98.127,0.0,0.0,0.624,0.0,0.0,2306075.0,661877.0,3188297728.0,965226496.0,16827363328.0,50208768.0,0.0,0.0,
0.375,0.375,99.0,0.0,0.0,0.250,0.0,32768.0,1085342.0,328493.0,3188228096.0,965238784.0,16827981824.0,49647616.0,0.0,0.0,
0.250,0.999,98.002,0.375,0.0,0.375,0.0,11362304.0,2131233.0,433375.0,3188670464.0,965251072.0,16829812736.0,47362048.0,0.0,0.0,
0.375,0.500,98.875,0.0,0.0,0.250,0.0,0.0,1040752.0,598264.0,3188305920.0,965263360.0,16830418944.0,47108096.0,0.0,0.0,
0.250,0.375,99.126,0.0,0.0,0.250,0.0,843776.0,928105.0,348031.0,3188396032.0,965267456.0,16831135744.0,46297088.0,0.0,0.0,
0.250,0.874,98.627,0.0,0.0,0.250,0.0,40960.0,547553.0,488657.0,3188154368.0,965296128.0,16831385600.0,46260224.0,0.0,0.0,
0.250,0.500,98.625,0.125,0.0,0.500,0.0,2334720.0,1039119.0,373264.0,3187687424.0,965324800.0,16832339968.0,45744128.0,0.0,0.0,
0.375,0.875,98.125,0.250,0.125,0.250,0.0,8585216.0,1915923.0,612113.0,3187855360.0,964321280.0,16826646528.0,52273152.0,0.0,0.0,
0.249,0.873,98.379,0.0,0.0,0.499,0.0,0.0,1574931.0,432101.0,3187580928.0,964329472.0,16827793408.0,51392512.0,0.0,0.0,
0.375,0.750,98.625,0.0,0.0,0.250,0.0,1245184.0,1143768.0,529573.0,3188121600.0,964329472.0,16828522496.0,50122752.0,0.0,0.0,
0.250,0.375,99.001,0.0,0.0,0.375,0.0,0.0,1746339.0,325906.0,3187863552.0,964341760.0,16829530112.0,49360896.0,0.0,0.0,
0.375,0.750,98.625,0.0,0.0,0.250,0.0,163840.0,2264033.0,576787.0,3187867648.0,964378624.0,16831393792.0,47456256.0,0.0,0.0,
0.250,0.625,98.375,0.500,0.0,0.250,0.0,13213696.0,1468441.0,438086.0,3187691520.0,964386816.0,16833134592.0,45883392.0,0.0,0.0,
0.375,0.624,98.627,0.0,0.0,0.375,0.0,0.0,1310320.0,443770.0,3187490816.0,964395008.0,16833728512.0,45481984.0,0.0,0.0,
0.249,0.998,97.880,0.0,0.125,0.748,0.0,3563520.0,1836638.0,589500.0,3187720192.0,963284992.0,16828276736.0,51814400.0,0.0,0.0,
0.125,0.500,99.250,0.0,0.0,0.125,0.0,0.0,478084.0,300170.0,3188326400.0,963289088.0,16828936192.0,50544640.0,0.0,0.0,
0.375,0.624,98.502,0.0,0.0,0.499,0.0,32768.0,2866270.0,444243.0,3188428800.0,963309568.0,16830935040.0,48422912.0,0.0,0.0,
0.250,0.500,98.625,0.375,0.0,0.250,0.0,12214272.0,1016949.0,408328.0,3188322304.0,963325952.0,16831426560.0,48021504.0,0.0,0.0,
0.250,0.375,99.126,0.125,0.0,0.125,0.0,98304.0,918231.0,381304.0,3188195328.0,963338240.0,16832049152.0,47513600.0,0.0,0.0,
0.375,0.624,98.752,0.0,0.0,0.250,0.0,466944.0,518597.0,328332.0,3188228096.0,963346432.0,16832389120.0,47132672.0,0.0,0.0,
0.250,0.749,98.627,0.0,0.0,0.375,0.0,0.0,811240.0,451960.0,3187904512.0,963354624.0,16833048576.0,46788608.0,0.0,0.0,
0.250,0.375,99.001,0.0,0.125,0.250,0.0,32768.0,786277.0,374877.0,3187904512.0,963371008.0,16833396736.0,46424064.0,0.0,0.0,
0.125,0.875,98.500,0.125,0.0,0.375,0.0,5054464.0,3571882.0,401186.0,3188281344.0,962240512.0,16829648896.0,50925568.0,0.0,0.0,
0.375,0.250,99.251,0.0,0.0,0.125,0.0,65536.0,1161869.0,259228.0,3188035584.0,962248704.0,16830394368.0,50417664.0,0.0,0.0,
0.125,0.499,98.876,0.0,0.0,0.499,0.0,598016.0,581308.0,379042.0,3188441088.0,962252800.0,16830668800.0,49733632.0,0.0,0.0,
0.125,0.375,99.374,0.0,0.0,0.125,0.0,0.0,1245202.0,327818.0,3188101120.0,962256896.0,16831889408.0,48848896.0,0.0,0.0,
0.499,0.499,98.753,0.0,0.0,0.249,0.0,65536.0,1432685.0,416154.0,3187892224.0,962281472.0,16833089536.0,47833088.0,0.0,0.0,
0.125,0.500,98.125,1.0,0.0,0.250,0.0,14172160.0,1075341.0,294283.0,3188387840.0,962297856.0,16833593344.0,46817280.0,0.0,0.0,
0.249,0.748,98.628,0.0,0.0,0.374,0.0,24576.0,715640.0,314506.0,3188310016.0,962314240.0,16833884160.0,46587904.0,0.0,0.0,
0.250,0.749,98.627,0.0,0.0,0.375,0.0,753664.0,2406575.0,598394.0,3187683328.0,961544192.0,16829378560.0,52490240.0,0.0,0.0,
0.125,0.750,98.625,0.0,0.125,0.375,0.0,0.0,1516541.0,424470.0,3187707904.0,961564672.0,16829968384.0,51855360.0,0.0,0.0,
0.375,0.874,98.252,0.0,0.0,0.499,0.0,32768.0,1722833.0,484612.0,3188240384.0,961576960.0,16831074304.0,50204672.0,0.0,0.0,
0.375,0.500,98.500,0.375,0.0,0.250,0.0,13213696.0,1927344.0,295943.0,3188523008.0,961589248.0,16832503808.0,48480256.0,0.0,0.0,
0.375,0.624,98.876,0.0,0.0,0.125,0.0,0.0,777379.0,502113.0,3188215808.0,961589248.0,16833302528.0,47988736.0,0.0,0.0,
0.250,0.500,99.125,0.0,0.0,0.125,0.0,860160.0,618376.0,391177.0,3188396032.0,961601536.0,16833880064.0,47218688.0,0.0,0.0,
0.624,0.749,98.377,0.0,0.0,0.250,0.0,0.0,1115497.0,326406.0,3188715520.0,961613824.0,16834183168.0,46583808.0,0.0,0.0,
0.125,0.751,98.748,0.0,0.0,0.375,0.0,32768.0,613852.0,384734.0,3188527104.0,961634304.0,16834453504.0,46481408.0,0.0,0.0,
0.249,0.998,98.005,0.374,0.0,0.374,0.0,8470528.0,1892177.0,511984.0,3188469760.0,961642496.0,16828411904.0,52572160.0,0.0,0.0,
0.499,0.998,98.005,0.0,0.0,0.499,0.0,0.0,1223908.0,404903.0,3188592640.0,961646592.0,16828792832.0,52064256.0,0.0,0.0,
0.125,0.625,98.875,0.0,0.0,0.375,0.0,1073152.0,1768831.0,465096.0,3188801536.0,961667072.0,16829960192.0,50667520.0,0.0,0.0,
0.750,0.750,98.125,0.0,0.0,0.375,0.0,0.0,1421271.0,576528.0,3188695040.0,961691648.0,16830881792.0,49827840.0,0.0,0.0,
0.374,0.748,98.254,0.0,0.125,0.499,0.0,32768.0,992785.0,491419.0,3188629504.0,961728512.0,16832540672.0,48197632.0,0.0,0.0,
0.375,0.750,98.250,0.375,0.0,0.250,0.0,11730944.0,2279726.0,521124.0,3188338688.0,961740800.0,16834088960.0,46927872.0,0.0,0.0,
0.250,0.500,98.875,0.0,0.0,0.375,0.0,0.0,2007508.0,461019.0,3188375552.0,961748992.0,16835313664.0,45658112.0,0.0,0.0,
0.499,0.999,98.127,0.0,0.0,0.375,0.0,1622016.0,1089047.0,408765.0,3188129792.0,961761280.0,16828960768.0,52244480.0,0.0,0.0,
0.250,0.624,98.876,0.0,0.0,0.250,0.0,0.0,1427990.0,693016.0,3188133888.0,961769472.0,16829333504.0,51859456.0,0.0,0.0,
0.375,0.626,98.623,0.0,0.0,0.375,0.0,32768.0,1957567.0,396988.0,3188408320.0,961798144.0,16830300160.0,50589696.0,0.0,0.0,
0.249,1.122,97.880,0.374,0.0,0.374,0.0,11698176.0,582434.0,407150.0,3188551680.0,961884160.0,16831086592.0,49573888.0,0.0,0.0,
0.250,0.624,98.627,0.0,0.125,0.375,0.0,0.0,889297.0,398229.0,3188461568.0,961900544.0,16831221760.0,49512448.0,0.0,0.0,
0.375,0.499,98.876,0.0,0.0,0.250,0.0,1146880.0,1484165.0,460238.0,3188465664.0,961908736.0,16832442368.0,48279552.0,0.0,0.0,
0.375,0.625,98.625,0.0,0.0,0.375,0.0,0.0,680590.0,322585.0,3188355072.0,961925120.0,16833425408.0,47390720.0,0.0,0.0,
0.250,0.500,98.875,0.0,0.0,0.375,0.0,32768.0,2172071.0,439685.0,3188264960.0,961945600.0,16834637824.0,46247936.0,0.0,0.0,
0.499,0.624,98.127,0.375,0.0,0.375,0.0,9781248.0,2833509.0,476940.0,3188457472.0,961900544.0,16829288448.0,51449856.0,0.0,0.0,
0.249,0.623,98.628,0.0,0.0,0.499,0.0,0.0,1141700.0,284889.0,3187970048.0,961916928.0,16830087168.0,51122176.0,0.0,0.0,
0.125,0.500,99.0,0.0,0.125,0.250,0.0,1466368.0,1201435.0,504685.0,3188424704.0,961929216.0,16831025152.0,49717248.0,0.0,0.0,
0.375,0.500,98.875,0.0,0.0,0.250,0.0,0.0,626727.0,298414.0,3188469760.0,961937408.0,16831352832.0,49336320.0,0.0,0.0,
0.250,0.250,99.376,0.0,0.0,0.125,0.0,32768.0,850428.0,352978.0,3188301824.0,961945600.0,16831959040.0,48889856.0,0.0,0.0,
0.375,0.874,97.753,0.375,0.0,0.624,0.0,11419648.0,1528277.0,232598.0,3188678656.0,961982464.0,16833114112.0,47321088.0,0.0,0.0,
0.375,0.375,99.125,0.0,0.0,0.125,0.0,0.0,732111.0,463274.0,3188297728.0,961982464.0,16833622016.0,47194112.0,0.0,0.0,
0.250,0.624,98.752,0.0,0.0,0.375,0.0,991232.0,973706.0,219230.0,3188490240.0,961994752.0,16834306048.0,46305280.0,0.0,0.0,
0.250,0.750,98.500,0.0,0.0,0.500,0.0,0.0,1556510.0,420659.0,3188383744.0,962019328.0,16835313664.0,45379584.0,0.0,0.0,
0.499,0.999,98.002,0.0,0.0,0.499,0.0,65536.0,1276579.0,576200.0,3189207040.0,962048000.0,16828354560.0,51486720.0,0.0,0.0,
0.250,0.375,98.876,0.250,0.0,0.250,0.0,9306112.0,1643248.0,537843.0,3189448704.0,962052096.0,16829251584.0,50343936.0,0.0,0.0,
0.499,0.749,98.377,0.0,0.125,0.250,0.0,0.0,702382.0,245180.0,3189243904.0,962068480.0,16829947904.0,49836032.0,0.0,0.0,
0.250,0.749,98.627,0.0,0.0,0.375,0.0,753664.0,989211.0,636255.0,3189268480.0,962076672.0,16830955520.0,48795648.0,0.0,0.0,
0.375,0.874,98.252,0.0,0.0,0.499,0.0,57344.0,1434926.0,460743.0,3189334016.0,962105344.0,16832581632.0,47075328.0,0.0,0.0,
0.375,0.625,98.375,0.375,0.0,0.250,0.0,2334720.0,2318721.0,421616.0,3189211136.0,962138112.0,16833314816.0,46432256.0,0.0,0.0,
0.250,0.874,98.002,0.375,0.0,0.499,0.0,12394496.0,2255339.0,418967.0,3189784576.0,962084864.0,16827215872.0,52011008.0,0.0,0.0,
0.250,0.625,98.750,0.0,0.0,0.375,0.0,0.0,723990.0,474554.0,3189456896.0,962101248.0,16827564032.0,51974144.0,0.0,0.0,
0.375,0.624,98.752,0.0,0.0,0.250,0.0,1056768.0,1091538.0,392953.0,3188846592.0,962117632.0,16828411904.0,51720192.0,0.0,0.0,
0.250,0.625,98.625,0.0,0.0,0.500,0.0,0.0,1835517.0,474939.0,3188174848.0,962142208.0,16830074880.0,50704384.0,0.0,0.0,
0.249,0.873,98.379,0.0,0.125,0.374,0.0,139264.0,1407214.0,568822.0,3188719616.0,962179072.0,16831651840.0,48545792.0,0.0,0.0,
0.375,0.874,97.878,0.499,0.0,0.375,0.0,13451264.0,2343866.0,403926.0,3188342784.0,962203648.0,16833314816.0,47235072.0,0.0,0.0,
0.250,0.625,98.875,0.0,0.0,0.250,0.0,0.0,2170842.0,428714.0,3188445184.0,962207744.0,16834699264.0,45744128.0,0.0,0.0,
0.375,0.874,98.377,0.0,0.0,0.375,0.0,2981888.0,2371486.0,451102.0,3188695040.0,962236416.0,16828342272.0,51822592.0,0.0,0.0,
0.250,0.999,98.252,0.0,0.0,0.499,0.0,0.0,731410.0,656434.0,3189747712.0,962256896.0,16828665856.0,50425856.0,0.0,0.0,
0.250,0.624,98.627,0.0,0.125,0.375,0.0,65536.0,1578326.0,480813.0,3188498432.0,962285568.0,16829939712.0,50372608.0,0.0,0.0,
0.375,0.500,98.500,0.375,0.0,0.250,0.0,9912320.0,617716.0,349603.0,3188625408.0,962306048.0,16830046208.0,50118656.0,0.0,0.0,
0.375,0.624,98.752,0.0,0.0,0.250,0.0,0.0,1181213.0,352328.0,3188416512.0,962310144.0,16831139840.0,49229824.0,0.0,0.0,
0.250,0.626,98.623,0.0,0.0,0.501,0.0,229376.0,574048.0,440513.0,3188989952.0,962322432.0,16831315968.0,48467968.0,0.0,0.0,
0.249,0.748,98.628,0.0,0.0,0.374,0.0,0.0,632527.0,503150.0,3188457472.0,962338816.0,16832790528.0,47509504.0,0.0,0.0,
0.500,0.500,98.625,0.0,0.0,0.375,0.0,32768.0,1753026.0,332462.0,3188707328.0,962363392.0,16833138688.0,46886912.0,0.0,0.0,
0.250,0.749,98.377,0.250,0.0,0.375,0.0,7569408.0,510075.0,372862.0,3188428800.0,962396160.0,16833765376.0,46505984.0,0.0,0.0,
0.250,0.750,98.500,0.0,0.125,0.375,0.0,0.0,1139436.0,534078.0,3189219328.0,962396160.0,16826507264.0,52973568.0,0.0,0.0,
0.250,0.499,99.001,0.0,0.0,0.250,0.0,3457024.0,1224868.0,219317.0,3189198848.0,962404352.0,16827416576.0,52076544.0,0.0,0.0,
0.250,0.499,99.001,0.0,0.0,0.250,0.0,0.0,1476421.0,354016.0,3188645888.0,962412544.0,16828555264.0,51482624.0,0.0,0.0,
0.375,0.500,98.875,0.0,0.0,0.250,0.0,32768.0,921035.0,326598.0,3189035008.0,962445312.0,16828895232.0,50720768.0,0.0,0.0,
0.249,1.122,97.132,0.873,0.0,0.623,0.0,15056896.0,3832768.0,584190.0,3189133312.0,962469888.0,16832454656.0,47038464.0,0.0,0.0,
0.751,1.627,97.247,0.0,0.0,0.375,0.0,0.0,1119338.0,226181.0,3192537088.0,962469888.0,16821424128.0,54665216.0,0.0,0.0,
0.624,1.248,97.253,0.375,0.0,0.499,32768.0,1818624.0,1079404.0,421532.0,3193049088.0,962605056.0,16822063104.0,53379072.0,0.0,0.0,
0.250,0.624,98.502,0.0,0.125,0.499,0.0,0.0,1380537.0,507260.0,3192066048.0,962621440.0,16823410688.0,52998144.0,0.0,0.0,
0.375,0.624,98.627,0.0,0.0,0.375,0.0,32768.0,1858645.0,426150.0,3191693312.0,962646016.0,16824266752.0,52490240.0,0.0,0.0,
0.250,0.375,98.625,0.375,0.0,0.375,0.0,12394496.0,1920386.0,455950.0,3190554624.0,962654208.0,16825901056.0,51986432.0,0.0,0.0,
0.374,0.374,99.127,0.0,0.0,0.125,0.0,0.0,266454.0,356616.0,3190140928.0,962670592.0,16825917440.0,52367360.0,0.0,0.0,
0.500,0.375,98.875,0.0,0.0,0.250,0.0,663552.0,743120.0,422624.0,3189698560.0,962686976.0,16826781696.0,51929088.0,0.0,0.0,
0.125,0.500,99.125,0.0,0.0,0.250,0.0,0.0,817690.0,300932.0,3189682176.0,962711552.0,16826900480.0,51802112.0,0.0,0.0,
0.250,0.874,98.377,0.0,0.0,0.499,0.0,65536.0,575743.0,416684.0,3188809728.0,962732032.0,16827244544.0,52310016.0,0.0,0.0,
0.374,0.623,98.379,0.249,0.0,0.374,0.0,6324224.0,1659753.0,348750.0,3189620736.0,962756608.0,16828157952.0,50561024.0,0.0,0.0,
0.125,0.625,99.0,0.0,0.0,0.250,0.0,0.0,1037894.0,333714.0,3189084160.0,962785280.0,16829173760.0,50053120.0,0.0,0.0,
0.250,0.750,98.750,0.0,0.0,0.250,0.0,262144.0,1005963.0,534426.0,3188908032.0,962805760.0,16830599168.0,48783360.0,0.0,0.0,
0.375,0.625,98.625,0.0,0.0,0.375,0.0,0.0,1438291.0,428219.0,3188490240.0,962818048.0,16831012864.0,48775168.0,0.0,0.0,
0.374,0.499,98.753,0.125,0.0,0.249,0.0,32768.0,988459.0,322595.0,3189329920.0,962850816.0,16831074304.0,47841280.0,0.0,0.0,
0.125,0.874,98.127,0.375,0.125,0.375,0.0,11313152.0,1828880.0,628892.0,3188604928.0,962863104.0,16833564672.0,46063616.0,0.0,0.0,
0.250,0.250,99.250,0.0,0.0,0.250,0.0,0.0,1306099.0,274557.0,3189047296.0,962879488.0,16833994752.0,45174784.0,0.0,0.0,
0.250,0.999,98.377,0.0,0.0,0.375,0.0,155648.0,2231124.0,436264.0,3188088832.0,962879488.0,16828051456.0,52076544.0,0.0,0.0,
0.250,0.874,98.252,0.0,0.0,0.624,0.0,24576.0,2038360.0,682844.0,3188629504.0,962887680.0,16829153280.0,50425856.0,0.0,0.0,
0.375,1.0,98.375,0.0,0.0,0.250,0.0,32768.0,2649928.0,638984.0,3188637696.0,962895872.0,16832184320.0,47378432.0,0.0,0.0,
0.125,0.626,98.373,0.501,0.0,0.375,0.0,18235392.0,2349032.0,362495.0,3188514816.0,962904064.0,16833314816.0,46362624.0,0.0,0.0,
0.374,0.623,98.753,0.0,0.0,0.249,0.0,0.0,1807415.0,326905.0,3188568064.0,962707456.0,16827072512.0,52748288.0,0.0,0.0,
0.375,0.749,98.377,0.0,0.125,0.375,0.0,122880.0,1058524.0,610514.0,3188539392.0,962715648.0,16827473920.0,52367360.0,0.0,0.0,
0.249,0.873,98.504,0.0,0.0,0.374,0.0,32768.0,570928.0,476322.0,3188097024.0,962723840.0,16828923904.0,51351552.0,0.0,0.0,
0.375,0.501,98.874,0.0,0.0,0.250,0.0,32768.0,1361205.0,375583.0,3188391936.0,962740224.0,16828866560.0,51097600.0,0.0,0.0,
0.250,0.624,98.127,0.499,0.0,0.499,0.0,12746752.0,2365464.0,520963.0,3188072448.0,962748416.0,16831528960.0,48746496.0,0.0,0.0,
0.250,0.749,98.752,0.0,0.0,0.250,0.0,0.0,1313078.0,460101.0,3189288960.0,962707456.0,16827092992.0,52006912.0,0.0,0.0,
0.125,0.375,99.250,0.0,0.0,0.250,0.0,892928.0,422058.0,364457.0,3189276672.0,962711552.0,16826855424.0,52252672.0,0.0,0.0,
0.374,0.499,98.878,0.0,0.0,0.249,0.0,0.0,251660.0,231751.0,3190149120.0,962715648.0,16826994688.0,51236864.0,0.0,0.0,
0.250,0.375,99.125,0.0,0.0,0.250,0.0,90112.0,985977.0,300514.0,3189198848.0,962727936.0,16827772928.0,51396608.0,0.0,0.0,
0.250,0.375,98.875,0.250,0.0,0.250,0.0,5922816.0,963333.0,342599.0,3188420608.0,962740224.0,16828596224.0,51339264.0,0.0,0.0,
0.125,0.624,98.876,0.0,0.0,0.375,0.0,0.0,1072576.0,348047.0,3188699136.0,962740224.0,16829968384.0,49688576.0,0.0,0.0,
0.375,0.999,98.002,0.0,0.125,0.499,0.0,4530176.0,2016143.0,529079.0,3188600832.0,962740224.0,16830574592.0,49180672.0,0.0,0.0,
0.125,1.124,98.377,0.0,0.0,0.375,0.0,0.0,1600650.0,511746.0,3188486144.0,962752512.0,16831881216.0,47976448.0,0.0,0.0,
0.250,0.625,98.875,0.0,0.0,0.250,0.0,122880.0,1552338.0,331564.0,3188830208.0,962777088.0,16832610304.0,46878720.0,0.0,0.0,
0.375,0.624,98.252,0.499,0.0,0.250,0.0,13271040.0,1915670.0,409403.0,3188719616.0,962801664.0,16834347008.0,45228032.0,0.0,0.0,
0.250,0.624,98.752,0.0,0.0,0.375,0.0,0.0,446228.0,552504.0,3188588544.0,962805760.0,16834600960.0,45101056.0,0.0,0.0,
0.250,0.375,99.001,0.0,0.0,0.375,0.0,98304.0,660522.0,427110.0,3188330496.0,962646016.0,16827543552.0,52576256.0,0.0,0.0,
0.500,0.250,99.0,0.0,0.125,0.125,0.0,0.0,1284494.0,332819.0,3188183040.0,962646016.0,16829087744.0,51179520.0,0.0,0.0,
0.375,0.750,98.500,0.0,0.0,0.375,0.0,2367488.0,2286698.0,415409.0,3187871744.0,962674688.0,16830013440.0,50536448.0,0.0,0.0,
0.250,0.624,98.752,0.0,0.0,0.375,0.0,73728.0,1600585.0,398832.0,3187802112.0,962691072.0,16831082496.0,49520640.0,0.0,0.0,
0.250,0.999,97.378,0.749,0.0,0.624,0.0,11059200.0,830064.0,583096.0,3187855360.0,962707456.0,16831619072.0,48914432.0,0.0,0.0,
0.250,0.624,98.876,0.0,0.0,0.250,0.0,139264.0,948769.0,251153.0,3188117504.0,962711552.0,16832114688.0,48152576.0,0.0,0.0,
0.250,0.375,99.125,0.0,0.0,0.250,0.0,0.0,592592.0,364237.0,3188027392.0,962727936.0,16832442368.0,47898624.0,0.0,0.0,
0.250,0.874,98.252,0.0,0.0,0.624,0.0,106496.0,750153.0,496842.0,3188174848.0,962744320.0,16833548288.0,46628864.0,0.0,0.0,
0.375,0.499,98.752,0.0,0.0,0.375,0.0,24576.0,1545600.0,526414.0,3187986432.0,962760704.0,16834564096.0,45785088.0,0.0,0.0,
0.624,0.624,98.002,0.375,0.0,0.375,0.0,7970816.0,1492689.0,404227.0,3188068352.0,962785280.0,16835092480.0,45150208.0,0.0,0.0,
0.250,0.499,98.876,0.0,0.0,0.375,0.0,434176.0,982644.0,239687.0,3188236288.0,962695168.0,16828682240.0,51482624.0,0.0,0.0,
0.125,0.501,98.999,0.0,0.0,0.375,0.0,0.0,1961170.0,473890.0,3188686848.0,962699264.0,16829497344.0,50212864.0,0.0,0.0,
0.374,0.872,98.132,0.0,0.125,0.498,0.0,32768.0,2601878.0,476645.0,3188318208.0,962711552.0,16831856640.0,48209920.0,0.0,0.0,
0.250,1.125,98.125,0.0,0.0,0.500,0.0,0.0,2207876.0,650220.0,3188367360.0,962736128.0,16833544192.0,46448640.0,0.0,0.0,
0.250,0.500,98.0,0.875,0.0,0.375,0.0,16670720.0,1492366.0,390171.0,3188563968.0,962752512.0,16834473984.0,45305856.0,0.0,0.0,
0.375,0.874,98.252,0.0,0.0,0.499,0.0,860160.0,1708493.0,445447.0,3188957184.0,962674688.0,16828260352.0,51204096.0,0.0,0.0,
0.250,0.624,98.876,0.0,0.0,0.250,0.0,0.0,997660.0,397265.0,3188326400.0,962691072.0,16829665280.0,50413568.0,0.0,0.0,
0.375,0.625,98.625,0.0,0.0,0.375,0.0,32768.0,1942586.0,585939.0,3188731904.0,962715648.0,16829870080.0,49778688.0,0.0,0.0,
0.250,0.624,98.627,0.0,0.0,0.499,0.0,0.0,974200.0,497665.0,3188617216.0,962723840.0,16830484480.0,49270784.0,0.0,0.0,
0.375,0.750,98.125,0.375,0.0,0.375,0.0,10690560.0,1301181.0,524641.0,3188772864.0,962732032.0,16831971328.0,47620096.0,0.0,0.0,
0.125,0.501,99.124,0.0,0.0,0.250,0.0,196608.0,1513917.0,376724.0,3188502528.0,962740224.0,16832831488.0,47022080.0,0.0,0.0,
0.249,0.374,99.252,0.0,0.0,0.125,0.0,24576.0,849075.0,303569.0,3188867072.0,962752512.0,16833216512.0,46260224.0,0.0,0.0,
0.125,0.250,99.375,0.125,0.0,0.125,0.0,32768.0,622785.0,264719.0,3188707328.0,962760704.0,16833875968.0,45752320.0,0.0,0.0,
0.374,0.499,98.878,0.0,0.0,0.249,0.0,0.0,3137636.0,348571.0,3188432896.0,962588672.0,16829317120.0,50757632.0,0.0,0.0,
0.250,0.499,98.502,0.375,0.125,0.250,0.0,14819328.0,1598151.0,376185.0,3188969472.0,962596864.0,16829693952.0,49836032.0,0.0,0.0,
0.375,0.876,98.373,0.0,0.0,0.375,0.0,483328.0,944892.0,464220.0,3188568064.0,962609152.0,16830636032.0,49283072.0,0.0,0.0,
0.499,0.499,98.628,0.0,0.0,0.374,0.0,0.0,1350601.0,384888.0,3188768768.0,962613248.0,16832208896.0,47505408.0,0.0,0.0,
0.250,0.874,98.252,0.125,0.0,0.499,0.0,122880.0,1976819.0,409999.0,3188797440.0,962670592.0,16833011712.0,46616576.0,0.0,0.0,
0.250,0.624,98.752,0.0,0.0,0.375,0.0,0.0,1974892.0,489287.0,3188539392.0,962695168.0,16834572288.0,45289472.0,0.0,0.0,
0.375,0.751,98.123,0.250,0.125,0.375,0.0,11100160.0,570666.0,448314.0,3190018048.0,962473984.0,16827277312.0,51326976.0,0.0,0.0,
0.249,0.499,98.878,0.125,0.0,0.249,0.0,3833856.0,574049.0,367798.0,3189735424.0,962478080.0,16827691008.0,51191808.0,0.0,0.0,
0.125,0.624,99.001,0.0,0.0,0.250,0.0,0.0,816297.0,438837.0,3189747712.0,962498560.0,16827912192.0,50937856.0,0.0,0.0,
0.499,0.375,98.876,0.0,0.0,0.250,0.0,114688.0,713066.0,338166.0,3188916224.0,962514944.0,16828473344.0,51191808.0,0.0,0.0,
0.250,0.625,98.875,0.0,0.0,0.250,0.0,0.0,1156709.0,465095.0,3188797440.0,962519040.0,16829222912.0,50556928.0,0.0,0.0,
0.250,0.749,98.377,0.250,0.0,0.375,0.0,5914624.0,729015.0,416773.0,3189084160.0,962531328.0,16829431808.0,50049024.0,0.0,0.0,
0.250,0.624,98.627,0.0,0.0,0.499,0.0,245760.0,929094.0,386870.0,3188842496.0,962547712.0,16830545920.0,49160192.0,0.0,0.0,
0.250,0.375,99.125,0.0,0.0,0.250,0.0,0.0,982481.0,321002.0,3188572160.0,962551808.0,16830812160.0,49160192.0,0.0,0.0,
0.250,0.375,99.251,0.0,0.0,0.125,0.0,114688.0,1127324.0,222703.0,3188776960.0,962568192.0,16831492096.0,48259072.0,0.0,0.0,
0.250,0.999,98.127,0.0,0.0,0.624,0.0,0.0,1431719.0,485418.0,3188297728.0,962617344.0,16833572864.0,46608384.0,0.0,0.0,
0.375,0.375,98.623,0.375,0.0,0.250,0.0,9601024.0,1041362.0,493587.0,3188555776.0,962637824.0,16833929216.0,45973504.0,0.0,0.0,
0.125,0.374,99.252,0.0,0.0,0.249,0.0,98304.0,1658192.0,301150.0,3188355072.0,962641920.0,16835239936.0,44859392.0,0.0,0.0,
0.250,0.874,98.627,0.0,0.0,0.250,0.0,0.0,1221369.0,286669.0,3188322304.0,962572288.0,16828145664.0,52056064.0,0.0,0.0,
0.250,0.750,98.750,0.0,0.0,0.250,0.0,32768.0,1683655.0,467673.0,3188281344.0,962621440.0,16830676992.0,49516544.0,0.0,0.0,
0.249,1.122,98.005,0.0,0.125,0.499,0.0,0.0,2503070.0,608400.0,3188723712.0,962723840.0,16831401984.0,48246784.0,0.0,0.0,
0.375,0.750,98.0,0.500,0.0,0.375,0.0,15163392.0,1837258.0,375289.0,3188473856.0,962756608.0,16833032192.0,46833664.0,0.0,0.0,
0.250,1.0,98.250,0.0,0.0,0.500,0.0,90112.0,760777.0,370732.0,3188731904.0,962781184.0,16833142784.0,46440448.0,0.0,0.0,
0.375,0.874,98.502,0.0,0.0,0.250,0.0,0.0,863028.0,588615.0,3188592640.0,962797568.0,16833646592.0,46059520.0,0.0,0.0,
0.250,0.500,98.875,0.0,0.0,0.375,0.0,32768.0,1724292.0,573427.0,3188621312.0,962727936.0,16827031552.0,52715520.0,0.0,0.0,
0.250,0.750,98.625,0.0,0.0,0.375,0.0,0.0,1386815.0,445165.0,3188477952.0,962752512.0,16827912192.0,51953664.0,0.0,0.0,
0.375,0.749,98.252,0.375,0.0,0.250,0.0,10067968.0,974562.0,471647.0,3188461568.0,962785280.0,16828428288.0,51421184.0,0.0,0.0,
0.375,0.624,98.627,0.0,0.125,0.250,0.0,827392.0,772660.0,514582.0,3188387840.0,962826240.0,16829612032.0,50270208.0,0.0,0.0,
0.374,0.374,99.002,0.0,0.0,0.249,0.0,0.0,791634.0,500252.0,3188744192.0,962842624.0,16831143936.0,48365568.0,0.0,0.0,
0.250,0.501,99.124,0.0,0.0,0.125,0.0,32768.0,2536199.0,257360.0,3190050816.0,962818048.0,16822517760.0,55709696.0,0.0,0.0,
0.250,0.499,99.001,0.0,0.0,0.250,0.0,0.0,2843259.0,393072.0,3189747712.0,962830336.0,16825249792.0,53268480.0,0.0,0.0,
0.375,0.499,98.252,0.499,0.0,0.375,0.0,15523840.0,2257727.0,329332.0,3189424128.0,962850816.0,16827838464.0,50982912.0,0.0,0.0,
0.125,0.874,98.502,0.0,0.0,0.499,0.0,90112.0,1660704.0,300039.0,3189186560.0,962875392.0,16828305408.0,50728960.0,0.0,0.0,
0.250,0.500,98.875,0.0,0.0,0.375,0.0,0.0,1411293.0,523296.0,3188686848.0,962883584.0,16830128128.0,49397760.0,0.0,0.0,
0.499,0.499,98.627,0.0,0.0,0.375,0.0,32768.0,1695588.0,292228.0,3189444608.0,962908160.0,16830476288.0,48267264.0,0.0,0.0,
0.250,0.999,98.252,0.0,0.0,0.499,0.0,0.0,1839965.0,368895.0,3189616640.0,962961408.0,16832155648.0,46362624.0,0.0,0.0,
0.375,0.625,98.125,0.500,0.0,0.375,0.0,13639680.0,931775.0,717496.0,3189411840.0,962977792.0,16832471040.0,46235648.0,0.0,0.0,
0.249,0.623,98.628,0.0,0.125,0.374,0.0,188416.0,862801.0,333792.0,3189288960.0,963006464.0,16833249280.0,45551616.0,0.0,0.0,
0.250,0.375,99.001,0.0,0.0,0.375,0.0,0.0,1479790.0,553935.0,3189051392.0,963018752.0,16834174976.0,44851200.0,0.0,0.0,
0.375,1.126,97.872,0.250,0.0,0.375,0.0,2334720.0,412403.0,390809.0,3189485568.0,963067904.0,16826216448.0,52326400.0,0.0,0.0,
0.375,0.250,99.126,0.0,0.0,0.250,0.0,0.0,1144686.0,569423.0,3189444608.0,963072000.0,16827015168.0,51564544.0,0.0,0.0,
0.250,0.625,98.500,0.250,0.0,0.375,0.0,6725632.0,468041.0,317728.0,3188908032.0,963100672.0,16827768832.0,51318784.0,0.0,0.0,
0.249,0.748,98.379,0.0,0.125,0.499,0.0,2367488.0,2040440.0,444558.0,3189202944.0,963149824.0,16829386752.0,49356800.0,0.0,0.0,
0.250,0.250,99.375,0.0,0.0,0.125,0.0,0.0,1335162.0,492259.0,3188707328.0,963149824.0,16830009344.0,49229824.0,0.0,0.0,
0.250,0.499,99.001,0.0,0.0,0.250,0.0,106496.0,1014178.0,249341.0,3188965376.0,963178496.0,16831373312.0,47579136.0,0.0,0.0,
0.250,0.750,98.750,0.0,0.0,0.250,0.0,0.0,2186604.0,413722.0,3188649984.0,963211264.0,16833077248.0,46157824.0,0.0,0.0,
0.249,0.748,98.005,0.499,0.0,0.499,0.0,13099008.0,1033562.0,438247.0,3189055488.0,963244032.0,16833105920.0,45690880.0,0.0,0.0,
0.375,0.625,98.875,0.0,0.0,0.125,0.0,294912.0,777165.0,403479.0,3189039104.0,963264512.0,16833998848.0,44793856.0,0.0,0.0,
0.250,0.750,98.625,0.0,0.0,0.375,0.0,0.0,1888913.0,358367.0,3188985856.0,963280896.0,16827187200.0,51642368.0,0.0,0.0,
0.375,0.749,98.502,0.0,0.0,0.375,0.0,57344.0,1393481.0,491377.0,3189080064.0,963317760.0,16827863040.0,50835456.0,0.0,0.0,
0.250,0.500,99.0,0.0,0.0,0.250,0.0,0.0,1240558.0,480599.0,3189030912.0,963342336.0,16828776448.0,49946624.0,0.0,0.0,
0.250,0.749,98.252,0.375,0.0,0.375,0.0,10076160.0,1199587.0,397427.0,3188813824.0,963362816.0,16829607936.0,49311744.0,0.0,0.0,
0.500,0.750,98.375,0.0,0.0,0.375,0.0,950272.0,578576.0,423145.0,3189157888.0,963399680.0,16829861888.0,48676864.0,0.0,0.0,
0.249,0.748,98.504,0.0,0.125,0.374,0.0,0.0,708741.0,566400.0,3188883456.0,963420160.0,16830308352.0,48484352.0,0.0,0.0,
0.375,0.749,98.502,0.125,0.0,0.250,0.0,32768.0,2436005.0,509844.0,3189067776.0,963448832.0,16832073728.0,46505984.0,0.0,0.0,
0.250,0.750,98.500,0.0,0.0,0.500,0.0,0.0,1561257.0,482403.0,3188854784.0,963493888.0,16833892352.0,44855296.0,0.0,0.0,
0.250,0.499,98.502,0.375,0.0,0.375,0.0,10944512.0,1377340.0,462388.0,3188576256.0,963502080.0,16826552320.0,52465664.0,0.0,0.0,
0.499,0.874,98.252,0.0,0.0,0.375,0.0,802816.0,420136.0,357606.0,3188379648.0,963530752.0,16827109376.0,52076544.0,0.0,0.0,
0.375,0.375,99.125,0.0,0.0,0.125,0.0,32768.0,1418696.0,591493.0,3188097024.0,963547136.0,16828272640.0,51179520.0,0.0,0.0,
0.125,0.125,99.501,0.0,0.0,0.250,0.0,32768.0,1133179.0,228402.0,3188170752.0,963555328.0,16828571648.0,50798592.0,0.0,0.0,
0.375,0.625,98.875,0.0,0.0,0.125,0.0,0.0,2438537.0,323234.0,3188994048.0,963588096.0,16831016960.0,47497216.0,0.0,0.0,
0.374,0.623,98.130,0.374,0.125,0.374,0.0,11960320.0,1665925.0,459598.0,3188719616.0,963624960.0,16832561152.0,46190592.0,0.0,0.0,
0.250,0.499,99.001,0.0,0.0,0.250,0.0,1744896.0,1609732.0,290858.0,3188858880.0,963641344.0,16833060864.0,45535232.0,0.0,0.0,
0.250,0.499,98.876,0.0,0.0,0.375,0.0,40960.0,855763.0,324271.0,3188326400.0,963694592.0,16827129856.0,51945472.0,0.0,0.0,
0.250,0.250,99.374,0.0,0.0,0.125,0.0,32768.0,1662731.0,298747.0,3188510720.0,963710976.0,16827183104.0,51691520.0,0.0,0.0,
0.499,0.624,98.377,0.0,0.0,0.499,0.0,0.0,1180062.0,308918.0,3188191232.0,963743744.0,16828358656.0,50802688.0,0.0,0.0,
0.125,0.999,97.878,0.375,0.0,0.624,0.0,10854400.0,2142960.0,448607.0,3188342784.0,963796992.0,16829804544.0,49152000.0,0.0,0.0,
0.375,0.874,98.377,0.0,0.0,0.375,0.0,581632.0,1332245.0,621536.0,3188400128.0,963829760.0,16831119360.0,47747072.0,0.0,0.0,
0.125,0.499,99.126,0.0,0.0,0.250,0.0,0.0,1191256.0,436049.0,3188584448.0,963850240.0,16831676416.0,46985216.0,0.0,0.0,
0.375,0.750,98.500,0.0,0.0,0.375,0.0,32768.0,1980326.0,357589.0,3188162560.0,963891200.0,16834019328.0,45023232.0,0.0,0.0,
0.250,0.625,98.875,0.0,0.0,0.250,0.0,24576.0,2567017.0,546867.0,3188674560.0,963907584.0,16826957824.0,51556352.0,0.0,0.0,
0.499,0.624,98.002,0.499,0.0,0.375,0.0,14090240.0,730001.0,514200.0,3188346880.0,963923968.0,16827629568.0,51195904.0,0.0,0.0,
0.250,0.499,99.001,0.0,0.125,0.125,0.0,65536.0,403382.0,288679.0,3188719616.0,963948544.0,16827613184.0,50814976.0,0.0,0.0,
0.250,0.499,99.001,0.0,0.0,0.250,0.0,0.0,522658.0,472235.0,3188088832.0,963960832.0,16828043264.0,51003392.0,0.0,0.0,
0.375,0.375,99.124,0.0,0.0,0.125,0.0,32768.0,435966.0,366948.0,3188043776.0,963973120.0,16828329984.0,50749440.0,0.0,0.0,
0.249,0.374,99.127,0.0,0.0,0.249,0.0,49152.0,1227596.0,193136.0,3188170752.0,963997696.0,16829702144.0,49225728.0,0.0,0.0,
0.500,0.625,98.250,0.250,0.0,0.375,0.0,5939200.0,1022967.0,403942.0,3188355072.0,964034560.0,16830877696.0,47828992.0,0.0,0.0,
0.499,0.873,98.254,0.0,0.0,0.374,0.0,147456.0,2709302.0,444151.0,3188600832.0,964067328.0,16832266240.0,46161920.0,0.0,0.0,
0.250,0.501,98.999,0.0,0.0,0.250,0.0,0.0,910597.0,432471.0,3188797440.0,964091904.0,16832679936.0,45527040.0,0.0,0.0,
0.250,0.750,98.625,0.0,0.0,0.375,0.0,65536.0,2579636.0,494314.0,3188592640.0,964116480.0,16826712064.0,51675136.0,0.0,0.0,
0.499,0.623,98.504,0.0,0.0,0.374,0.0,90112.0,805182.0,397625.0,3188453376.0,964149248.0,16827453440.0,51040256.0,0.0,0.0,
0.250,0.624,98.127,0.624,0.125,0.250,0.0,13983744.0,1048134.0,443596.0,3187888128.0,964165632.0,16827920384.0,51122176.0,0.0,0.0,
0.250,0.499,99.001,0.0,0.0,0.250,0.0,2695168.0,594116.0,402901.0,3188621312.0,964182016.0,16828313600.0,49979392.0,0.0,0.0,
0.500,0.750,98.375,0.0,0.0,0.375,0.0,0.0,1750696.0,381691.0,3188342784.0,964218880.0,16829825024.0,48709632.0,0.0,0.0,
0.250,0.749,98.502,0.0,0.0,0.499,0.0,32768.0,1442102.0,691540.0,3188310016.0,964235264.0,16830603264.0,47947776.0,0.0,0.0,
0.375,0.624,98.627,0.0,0.0,0.375,0.0,0.0,2012734.0,446452.0,3188150272.0,964251648.0,16832516096.0,46178304.0,0.0,0.0,
0.250,0.751,98.373,0.375,0.0,0.250,0.0,12976128.0,1578299.0,361534.0,3188617216.0,964276224.0,16833294336.0,44908544.0,0.0,0.0,
0.249,0.374,98.878,0.0,0.125,0.374,0.0,57344.0,554471.0,380778.0,3188408320.0,964222976.0,16825700352.0,52764672.0,0.0,0.0,
0.250,0.624,98.752,0.0,0.0,0.375,0.0,0.0,449873.0,555227.0,3188678656.0,964222976.0,16827207680.0,50987008.0,0.0,0.0,
0.375,0.250,99.250,0.0,0.0,0.125,0.0,32768.0,1954670.0,259212.0,3187974144.0,964231168.0,16827568128.0,51322880.0,0.0,0.0,
0.250,0.375,99.125,0.0,0.0,0.250,0.0,0.0,1215959.0,292448.0,3188240384.0,964231168.0,16828698624.0,49926144.0,0.0,0.0,
0.375,0.499,98.502,0.375,0.0,0.250,0.0,8183808.0,476201.0,276558.0,3188330496.0,964247552.0,16829607936.0,48910336.0,0.0,0.0,
0.125,0.499,99.126,0.0,0.0,0.250,0.0,81920.0,1374115.0,430682.0,3188559872.0,964255744.0,16830005248.0,48275456.0,0.0,0.0,
0.125,0.500,99.125,0.0,0.0,0.250,0.0,0.0,1588028.0,253189.0,3188236288.0,964255744.0,16831221760.0,47382528.0,0.0,0.0,
0.250,0.375,99.251,0.0,0.0,0.125,0.0,32768.0,596512.0,183007.0,3188490240.0,964268032.0,16831209472.0,47128576.0,0.0,0.0,
0.375,0.499,98.627,0.0,0.0,0.499,0.0,0.0,2160747.0,268023.0,3188203520.0,964235264.0,16827154432.0,51503104.0,0.0,0.0,
0.374,0.748,97.880,0.499,0.125,0.374,0.0,16130048.0,3207033.0,572706.0,3188645888.0,964247552.0,16827842560.0,50360320.0,0.0,0.0,
0.250,0.500,99.0,0.0,0.0,0.250,0.0,147456.0,1039187.0,215151.0,3188363264.0,964247552.0,16829005824.0,49479680.0,0.0,0.0,
0.250,0.250,99.376,0.0,0.0,0.125,0.0,24576.0,921861.0,129636.0,3188834304.0,964263936.0,16829788160.0,48209920.0,0.0,0.0,
0.250,0.250,99.251,0.125,0.0,0.125,0.0,2334720.0,757153.0,107964.0,3187269632.0,964288512.0,16830705664.0,48832512.0,0.0,0.0,
0.250,0.250,99.376,0.0,0.0,0.125,0.0,0.0,1551592.0,188070.0,3188170752.0,964296704.0,16831193088.0,47435776.0,0.0,0.0,
0.125,0.250,99.249,0.250,0.0,0.125,0.0,9363456.0,561158.0,104923.0,3188797440.0,964288512.0,16827420672.0,50589696.0,0.0,0.0,
0.125,0.125,99.750,0.0,0.0,0.0,0.0,90112.0,716506.0,52192.0,3188752384.0,964304896.0,16828338176.0,49700864.0,0.0,0.0,
0.250,0.125,99.501,0.0,0.0,0.125,0.0,0.0,949078.0,44125.0,3188805632.0,964304896.0,16828538880.0,49446912.0,0.0,0.0,
0.125,0.125,99.625,0.0,0.0,0.125,0.0,155648.0,944327.0,56880.0,3189088256.0,964321280.0,16830144512.0,47542272.0,0.0,0.0,
0.375,0.250,99.376,0.0,0.0,0.0,0.0,0.0,1746441.0,76635.0,3188596736.0,964321280.0,16831463424.0,46714880.0,0.0,0.0,
0.250,0.250,99.0,0.375,0.0,0.125,0.0,10354688.0,797352.0,53042.0,3188678656.0,964329472.0,16832262144.0,45826048.0,0.0,0.0,
0.250,0.375,99.251,0.0,0.0,0.125,0.0,3555328.0,2393343.0,113315.0,3188690944.0,964300800.0,16826064896.0,52039680.0,0.0,0.0,
0.250,0.250,99.375,0.0,0.0,0.125,0.0,0.0,1407144.0,77892.0,3188580352.0,964333568.0,16826777600.0,51404800.0,0.0,0.0,
0.125,0.250,99.625,0.0,0.0,0.0,0.0,32768.0,448336.0,54771.0,3187908608.0,964341760.0,16827396096.0,51449856.0,0.0,0.0,
0.250,0.125,99.501,0.0,0.0,0.125,0.0,57344.0,661357.0,48472.0,3187896320.0,964349952.0,16828035072.0,50814976.0,0.0,0.0,
0.0,0.125,99.376,0.375,0.0,0.125,0.0,8060928.0,842019.0,58881.0,3187679232.0,964358144.0,16828616704.0,50442240.0,0.0,0.0,
0.249,0.249,99.253,0.0,0.125,0.125,0.0,131072.0,121765.0,26724.0,3188166656.0,964358144.0,16828637184.0,49934336.0,0.0,0.0,
0.250,0.375,99.249,0.0,0.0,0.125,0.0,0.0,640428.0,164299.0,3188051968.0,964366336.0,16830181376.0,48496640.0,0.0,0.0,
0.250,0.125,99.376,0.0,0.0,0.250,0.0,65536.0,3035500.0,121398.0,3187675136.0,964382720.0,16832319488.0,46718976.0,0.0,0.0,
0.125,0.125,99.750,0.0,0.0,0.0,0.0,0.0,878048.0,75129.0,3187535872.0,964382720.0,16832581632.0,46596096.0,0.0,0.0,
0.250,0.250,99.001,0.375,0.0,0.125,0.0,10764288.0,778771.0,48573.0,3187404800.0,964390912.0,16833212416.0,46088192.0,0.0,0.0,
0.125,0.125,99.625,0.125,0.0,0.0,0.0,2236416.0,206266.0,54063.0,3187433472.0,964399104.0,16833486848.0,45776896.0,0.0,0.0,
0.125,0.250,99.501,0.0,0.0,0.125,0.0,0.0,736140.0,40154.0,3187134464.0,964403200.0,16827883520.0,51675136.0,0.0,0.0,
0.125,0.125,99.625,0.0,0.0,0.125,0.0,32768.0,2433724.0,85884.0,3186925568.0,964419584.0,16828448768.0,51302400.0,0.0,0.0,
0.125,0.250,99.500,0.0,0.0,0.125,0.0,0.0,1722004.0,77992.0,3187482624.0,964435968.0,16829652992.0,49524736.0,0.0,0.0,
0.125,0.250,99.125,0.375,0.0,0.125,0.0,12460032.0,989676.0,45678.0,3187056640.0,964460544.0,16831266816.0,48312320.0,0.0,0.0,
0.250,0.125,99.501,0.0,0.0,0.125,0.0,2015232.0,994777.0,47544.0,3186905088.0,964460544.0,16831799296.0,47931392.0,0.0,0.0,
0.250,0.125,99.625,0.0,0.0,0.0,0.0,0.0,490128.0,34298.0,3186610176.0,964460544.0,16832086016.0,47939584.0,0.0,0.0,
0.249,0.125,99.501,0.0,0.0,0.125,0.0,32768.0,569210.0,40655.0,3186925568.0,964468736.0,16832905216.0,46796800.0,0.0,0.0,
0.125,0.250,99.500,0.0,0.0,0.125,0.0,0.0,2419207.0,90032.0,3186298880.0,964464640.0,16828096512.0,52236288.0,0.0,0.0,
0.250,0.250,99.001,0.375,0.0,0.125,0.0,9945088.0,1512960.0,76942.0,3186561024.0,964472832.0,16828207104.0,51855360.0,0.0,0.0,
2.375,1.500,95.0,0.375,0.0,0.750,0.0,2826240.0,523420.0,1090682.0,3188150272.0,964497408.0,16830246912.0,48201728.0,0.0,0.0,
2.750,2.500,93.500,0.250,0.0,1.0,0.0,2097152.0,10339152.0,3476615.0,3188125696.0,964485120.0,16831623168.0,46862336.0,0.0,0.0,
1.375,0.750,97.375,0.375,0.0,0.125,0.0,1302528.0,3948327.0,500337.0,3187318784.0,964497408.0,16832516096.0,46764032.0,0.0,0.0,
0.125,0.125,99.626,0.0,0.125,0.0,0.0,40960.0,48760.0,67020.0,3187466240.0,964497408.0,16832495616.0,46637056.0,0.0,0.0,
0.623,0.249,97.132,1.870,0.0,0.125,0.0,31219712.0,645277.0,29323.0,3187634176.0,964501504.0,16833085440.0,45875200.0,0.0,0.0,
